origin,orig_region,destination,dest_region,"1990","1995","2000","2005","2010","2015","2020",1990.1,1995.1,2000.1,2005.1,2010.1,2015.1,2020.1,1990.2,1995.2,2000.2,2005.2,2010.2,2015.2,2020.2,dest_subregion,orig_subregion
Venezuela,Latin America and the Caribbean,Colombia,Latin America and the Caribbean,33123,35162,37200,37353,45692,55893,1780486,15410,16510,17609,17846,22249,27744,883775,17713,18652,19591,19507,23443,28149,896711,South America,South America
Venezuela,Latin America and the Caribbean,Peru,Latin America and the Caribbean,2019,2021,2362,2794,3504,4129,941889,968,976,1136,1354,1758,2135,475119,1051,1045,1226,1440,1746,1994,466770,South America,South America
Venezuela,Latin America and the Caribbean,Argentina,Latin America and the Caribbean,1981,2290,2600,1919,1236,1240,176369,840,1021,1203,904,605,606,87094,1141,1269,1397,1015,631,634,89275,South America,South America
Venezuela,Latin America and the Caribbean,Chile,Latin America and the Caribbean,2349,3197,4044,6070,8095,54787,523553,1139,1546,1944,2968,3993,28008,261477,1210,1651,2100,3102,4102,26779,262076,South America,South America
Venezuela,Latin America and the Caribbean,Dominican Republic,Latin America and the Caribbean,14235,15811,17386,11282,5155,3561,34063,7698,8374,9050,5810,2558,1695,15722,6537,7437,8336,5472,2597,1866,18341,Caribbean,South America
Venezuela,Latin America and the Caribbean,Ecuador,Latin America and the Caribbean,2549,3120,3691,4415,7032,8901,388861,1268,1495,1723,2110,3267,4104,179976,1281,1625,1968,2305,3765,4797,208885,South America,South America
Venezuela,Latin America and the Caribbean,Costa Rica,Latin America and the Caribbean,1030,834,1054,691,1362,1381,28214,529,427,522,337,667,672,14487,501,407,532,354,695,709,13727,Central America,South America
Venezuela,Latin America and the Caribbean,Brazil,Latin America and the Caribbean,1220,1694,2167,2524,2845,3354,248105,572,834,1096,1286,1456,1706,127178,648,860,1071,1238,1389,1648,120927,South America,South America
Venezuela,Latin America and the Caribbean,Panama,Latin America and the Caribbean,487,715,989,4276,8441,9883,119553,240,354,489,2151,4297,5019,65036,247,361,500,2125,4144,4864,54517,Central America,South America
Venezuela,Latin America and the Caribbean,Mexico,Latin America and the Caribbean,1460,2194,3024,6528,10788,16491,70377,634,972,1359,2894,4769,6953,29741,826,1222,1665,3634,6019,9538,40636,Central America,South America
Venezuela,Latin America and the Caribbean,Bolivia,Latin America and the Caribbean,369,458,543,604,664,774,5707,174,217,259,309,358,417,3076,195,241,284,295,306,357,2631,South America,South America
Venezuela,Latin America and the Caribbean,Puerto Rico,Latin America and the Caribbean,1264,1617,1974,2198,2147,2302,994,599,768,937,1040,1006,1074,462,665,849,1037,1158,1141,1228,532,Caribbean,South America
Venezuela,Latin America and the Caribbean,Uruguay,Latin America and the Caribbean,773,713,659,610,565,583,14908,408,363,322,299,275,284,7511,365,350,337,311,290,299,7397,South America,South America
Venezuela,Latin America and the Caribbean,Bahamas,Latin America and the Caribbean,16,20,24,26,28,30,30,6,8,10,10,10,10,10,10,12,14,16,18,20,20,Caribbean,South America
Venezuela,Latin America and the Caribbean,Trinidad and Tobago,Latin America and the Caribbean,1337,1213,1413,1516,1672,1870,24001,534,483,580,620,709,879,8273,803,730,833,896,963,991,15728,Caribbean,South America
Venezuela,Latin America and the Caribbean,Guyana,Latin America and the Caribbean,478,768,1057,1424,1116,1181,23326,239,389,539,733,600,635,10129,239,379,518,691,516,546,13197,South America,South America
Venezuela,Latin America and the Caribbean,Guatemala,Latin America and the Caribbean,113,144,175,211,246,270,303,41,61,81,100,118,132,149,72,83,94,111,128,138,154,Central America,South America
Venezuela,Latin America and the Caribbean,Aruba,Latin America and the Caribbean,1144,2000,2856,3074,3232,3399,17000,654,1100,1547,1597,1616,1699,8619,490,900,1309,1477,1616,1700,8381,Caribbean,South America
Venezuela,Latin America and the Caribbean,Cura√ßao,Latin America and the Caribbean,0,0,0,0,1646,1787,16500,0,0,0,0,689,750,7763,0,0,0,0,957,1037,8737,Caribbean,South America
Venezuela,Latin America and the Caribbean,Nicaragua,Latin America and the Caribbean,146,116,125,139,148,159,165,68,53,61,70,75,81,85,78,63,64,69,73,78,80,Central America,South America
Venezuela,Latin America and the Caribbean,El Salvador,Latin America and the Caribbean,258,219,179,206,232,242,245,109,94,79,93,106,111,113,149,125,100,113,126,131,132,Central America,South America
Venezuela,Latin America and the Caribbean,Cayman Islands,Latin America and the Caribbean,10,21,37,34,34,36,52,6,12,20,18,18,20,30,4,9,17,16,16,16,22,Caribbean,South America
Venezuela,Latin America and the Caribbean,Honduras,Latin America and the Caribbean,75,74,73,73,73,102,103,40,38,36,35,35,49,50,35,36,37,38,38,53,53,Central America,South America
Venezuela,Latin America and the Caribbean,Antigua and Barbuda,Latin America and the Caribbean,11,22,32,35,37,39,39,5,10,15,17,18,19,20,6,12,17,18,19,20,19,Caribbean,South America
Venezuela,Latin America and the Caribbean,Sint Maarten (Dutch part),Latin America and the Caribbean,0,0,0,20,40,41,42,0,0,0,11,21,21,23,0,0,0,9,19,20,19,Caribbean,South America
Venezuela,Latin America and the Caribbean,Dominica,Latin America and the Caribbean,11,14,17,21,26,30,29,2,2,3,4,4,4,4,9,12,14,17,22,26,25,Caribbean,South America
Venezuela,Latin America and the Caribbean,Haiti,Latin America and the Caribbean,2510,2384,2264,2150,2257,2369,2488,1325,1259,1196,1136,1193,1252,1307,1185,1125,1068,1014,1064,1117,1181,Caribbean,South America
Venezuela,Latin America and the Caribbean,Grenada,Latin America and the Caribbean,43,175,308,322,337,341,324,21,147,274,287,300,304,284,22,28,34,35,37,37,40,Caribbean,South America
Venezuela,Latin America and the Caribbean,Saint Lucia,Latin America and the Caribbean,27,35,49,41,31,29,27,12,16,22,19,14,14,14,15,19,27,22,17,15,13,Caribbean,South America
Venezuela,Latin America and the Caribbean,Cuba,Latin America and the Caribbean,431,327,176,206,228,241,245,222,162,81,91,94,95,94,209,165,95,115,134,146,151,Caribbean,South America
Venezuela,Latin America and the Caribbean,"Bonaire, Sint Eustatius and Saba",Latin America and the Caribbean,0,0,0,0,0,0,0,0,0,0,0,0,0,0,0,0,0,0,0,0,0,Caribbean,South America
Ecuador,Latin America and the Caribbean,Colombia,Latin America and the Caribbean,11870,11917,11964,11337,13707,16397,19180,6223,6216,6209,5861,7057,8399,9792,5647,5701,5755,5476,6650,7998,9388,South America,South America
Ecuador,Latin America and the Caribbean,Peru,Latin America and the Caribbean,2488,2491,2911,3419,5312,6855,12795,1066,1050,1235,1462,2578,3683,6902,1422,1441,1676,1957,2734,3172,5893,South America,South America
Ecuador,Latin America and the Caribbean,Venezuela,Latin America and the Caribbean,24600,26835,28999,31597,34782,36973,34858,12181,13121,13977,15452,17270,18095,16779,12419,13714,15022,16145,17512,18878,18079,South America,South America
Ecuador,Latin America and the Caribbean,Argentina,Latin America and the Caribbean,999,1501,2004,1479,952,955,963,509,731,954,716,478,479,486,490,770,1050,763,474,476,477,South America,South America
Ecuador,Latin America and the Caribbean,Chile,Latin America and the Caribbean,2163,5512,8857,13414,17966,22146,42266,1012,2467,3937,6082,8227,10518,20309,1151,3045,4920,7332,9739,11628,21957,South America,South America
Ecuador,Latin America and the Caribbean,Dominican Republic,Latin America and the Caribbean,950,1055,1160,858,554,581,605,439,473,507,396,284,298,310,511,582,653,462,270,283,295,Caribbean,South America
Ecuador,Latin America and the Caribbean,Costa Rica,Latin America and the Caribbean,736,683,971,637,1255,1272,1526,406,382,535,347,685,691,864,330,301,436,290,570,581,662,Central America,South America
Ecuador,Latin America and the Caribbean,Brazil,Latin America and the Caribbean,614,903,1191,1463,1716,2022,2195,402,545,688,784,868,1016,1131,212,358,503,679,848,1006,1064,South America,South America
Ecuador,Latin America and the Caribbean,Panama,Latin America and the Caribbean,1414,1604,1896,1897,2282,2672,3201,883,958,1089,1046,1229,1435,1773,531,646,807,851,1053,1237,1428,Central America,South America
Ecuador,Latin America and the Caribbean,Mexico,Latin America and the Caribbean,719,1222,1778,1881,2202,3189,3497,338,580,850,913,1084,1355,1511,381,642,928,968,1118,1834,1986,Central America,South America
Ecuador,Latin America and the Caribbean,Bolivia,Latin America and the Caribbean,299,521,738,800,861,1003,1115,138,251,362,419,476,554,615,161,270,376,381,385,449,500,South America,South America
Ecuador,Latin America and the Caribbean,Puerto Rico,Latin America and the Caribbean,573,675,780,949,999,851,348,271,320,370,449,468,397,162,302,355,410,500,531,454,186,Caribbean,South America
Ecuador,Latin America and the Caribbean,Bahamas,Latin America and the Caribbean,10,12,15,28,40,43,44,3,3,5,16,26,28,30,7,9,10,12,14,15,14,Caribbean,South America
Ecuador,Latin America and the Caribbean,Guatemala,Latin America and the Caribbean,120,113,105,125,145,160,178,46,50,54,68,82,92,103,74,63,51,57,63,68,75,Central America,South America
Ecuador,Latin America and the Caribbean,Nicaragua,Latin America and the Caribbean,98,78,86,97,103,111,115,55,43,50,58,62,67,70,43,35,36,39,41,44,45,Central America,South America
Ecuador,Latin America and the Caribbean,El Salvador,Latin America and the Caribbean,155,126,97,108,118,123,124,70,57,44,50,56,58,59,85,69,53,58,62,65,65,Central America,South America
Ecuador,Latin America and the Caribbean,Honduras,Latin America and the Caribbean,348,345,342,335,328,461,470,239,233,228,224,221,312,319,109,112,114,111,107,149,151,Central America,South America
Ecuador,Latin America and the Caribbean,Cuba,Latin America and the Caribbean,135,102,58,60,58,53,47,67,48,25,26,24,22,19,68,54,33,34,34,31,28,Caribbean,South America
Argentina,Latin America and the Caribbean,Colombia,Latin America and the Caribbean,2359,2471,2582,2540,3386,4464,5719,1284,1359,1434,1425,1955,2651,3450,1075,1112,1148,1115,1431,1813,2269,South America,South America
Argentina,Latin America and the Caribbean,Peru,Latin America and the Caribbean,7080,7087,8282,9729,11961,14386,26854,3502,3463,4050,4808,6111,7795,14769,3578,3624,4232,4921,5850,6591,12085,South America,South America
Argentina,Latin America and the Caribbean,Venezuela,Latin America and the Caribbean,9483,9138,8724,9078,9542,9944,9374,4969,4809,4605,4778,5012,5158,4791,4514,4329,4119,4300,4530,4786,4583,South America,South America
Argentina,Latin America and the Caribbean,Chile,Latin America and the Caribbean,32696,39251,45770,50740,55685,56363,79253,16212,19651,22791,25600,28401,29777,39468,16484,19600,22979,25140,27284,26586,39785,South America,South America
Argentina,Latin America and the Caribbean,Dominican Republic,Latin America and the Caribbean,2642,2935,3227,2126,1020,1071,1116,1546,1687,1828,1201,572,600,625,1096,1248,1399,925,448,471,491,Caribbean,South America
Argentina,Latin America and the Caribbean,Ecuador,Latin America and the Caribbean,1669,1954,2239,2679,4266,5399,5645,964,1140,1316,1598,2500,3149,3560,705,814,923,1081,1766,2250,2085,South America,South America
Argentina,Latin America and the Caribbean,Costa Rica,Latin America and the Caribbean,1041,864,1120,735,1448,1468,1761,513,431,547,354,700,705,892,528,433,573,381,748,763,869,Central America,South America
Argentina,Latin America and the Caribbean,Brazil,Latin America and the Caribbean,28350,27974,27597,28410,28819,33971,36910,15178,15391,15603,16308,16767,19662,21754,13172,12583,11994,12102,12052,14309,15156,South America,South America
Argentina,Latin America and the Caribbean,Panama,Latin America and the Caribbean,580,667,796,1350,2179,2550,3062,304,352,420,728,1196,1397,1729,276,315,376,622,983,1153,1333,Central America,South America
Argentina,Latin America and the Caribbean,Paraguay,Latin America and the Caribbean,50447,57525,64404,61353,58456,57056,61833,25066,28910,32483,30947,29425,28685,31162,25381,28615,31921,30406,29031,28371,30671,South America,South America
Argentina,Latin America and the Caribbean,Mexico,Latin America and the Caribbean,4340,5366,6625,9831,14174,15214,16688,2142,2662,3312,5088,7461,7787,8638,2198,2704,3313,4743,6713,7427,8050,Central America,South America
Argentina,Latin America and the Caribbean,Bolivia,Latin America and the Caribbean,21923,25141,28095,32418,36671,42697,47601,10684,12434,14043,16402,18729,21804,24260,11239,12707,14052,16016,17942,20893,23341,South America,South America
Argentina,Latin America and the Caribbean,Puerto Rico,Latin America and the Caribbean,1234,1245,1259,1402,1369,1180,828,584,591,598,664,642,551,386,650,654,661,738,727,629,442,Caribbean,South America
Argentina,Latin America and the Caribbean,Uruguay,Latin America and the Caribbean,14559,17970,21691,25992,26782,27662,33022,5658,7292,9589,11491,11706,12086,14856,8901,10678,12102,14501,15076,15576,18166,South America,South America
Argentina,Latin America and the Caribbean,Bahamas,Latin America and the Caribbean,8,8,9,56,102,111,117,4,3,3,35,67,73,78,4,5,6,21,35,38,39,Caribbean,South America
Argentina,Latin America and the Caribbean,Guatemala,Latin America and the Caribbean,285,318,350,416,482,529,595,122,159,195,246,297,330,371,163,159,155,170,185,199,224,Central America,South America
Argentina,Latin America and the Caribbean,Cura√ßao,Latin America and the Caribbean,0,0,0,0,21,21,24,0,0,0,0,7,7,9,0,0,0,0,14,14,15,Caribbean,South America
Argentina,Latin America and the Caribbean,Nicaragua,Latin America and the Caribbean,185,147,188,235,251,270,281,105,83,101,121,130,141,147,80,64,87,114,121,129,134,Central America,South America
Argentina,Latin America and the Caribbean,El Salvador,Latin America and the Caribbean,255,211,166,187,207,216,218,143,120,97,112,126,132,133,112,91,69,75,81,84,85,Central America,South America
Argentina,Latin America and the Caribbean,Cayman Islands,Latin America and the Caribbean,3,7,13,12,12,12,12,2,3,5,5,4,5,4,1,4,8,7,8,7,8,Caribbean,South America
Argentina,Latin America and the Caribbean,Honduras,Latin America and the Caribbean,145,144,142,139,136,191,194,84,81,78,77,77,109,111,61,63,64,62,59,82,83,Central America,South America
Argentina,Latin America and the Caribbean,Haiti,Latin America and the Caribbean,466,442,419,398,417,437,456,267,253,240,228,239,251,263,199,189,179,170,178,186,193,Caribbean,South America
Argentina,Latin America and the Caribbean,Falkland Islands (Malvinas),Latin America and the Caribbean,27,36,39,55,24,26,31,11,21,24,32,12,13,17,16,15,15,23,12,13,14,South America,South America
Argentina,Latin America and the Caribbean,Cuba,Latin America and the Caribbean,373,283,190,134,90,58,35,192,140,87,58,35,21,12,181,143,103,76,55,37,23,Caribbean,South America
Argentina,Latin America and the Caribbean,"Bonaire, Sint Eustatius and Saba",Latin America and the Caribbean,0,0,0,0,0,0,0,0,0,0,0,0,0,0,0,0,0,0,0,0,0,Caribbean,South America
Peru,Latin America and the Caribbean,Colombia,Latin America and the Caribbean,2896,3342,3788,4026,4575,5144,5680,1604,1889,2175,2344,2706,3090,3442,1292,1453,1613,1682,1869,2054,2238,South America,South America
Peru,Latin America and the Caribbean,Venezuela,Latin America and the Caribbean,29635,32973,36348,39846,44126,47007,44319,16669,18421,20145,22265,24873,26206,24398,12966,14552,16203,17581,19253,20801,19921,South America,South America
Peru,Latin America and the Caribbean,Argentina,Latin America and the Caribbean,16366,50888,85411,127351,169262,195320,197226,9721,22702,35684,56276,76864,88634,90168,6645,28186,49727,71075,92398,106686,107058,South America,South America
Peru,Latin America and the Caribbean,Chile,Latin America and the Caribbean,7052,21265,35460,80085,124672,150885,240273,3583,8382,13862,32215,50564,63463,112709,3469,12883,21598,47870,74108,87422,127564,South America,South America
Peru,Latin America and the Caribbean,Dominican Republic,Latin America and the Caribbean,1991,2212,2432,1897,1360,1428,1489,1202,1314,1426,1128,828,870,906,789,898,1006,769,532,558,583,Caribbean,South America
Peru,Latin America and the Caribbean,Ecuador,Latin America and the Caribbean,2567,4125,5682,6798,10826,13705,14331,1307,2334,3360,4079,6384,8045,9086,1260,1791,2322,2719,4442,5660,5245,South America,South America
Peru,Latin America and the Caribbean,Costa Rica,Latin America and the Caribbean,2225,2045,2887,1893,3730,3783,4540,1186,1092,1505,975,1925,1941,2440,1039,953,1382,918,1805,1842,2100,Central America,South America
Peru,Latin America and the Caribbean,Brazil,Latin America and the Caribbean,5716,8278,10840,12958,14892,17555,19074,3394,5042,6690,7925,9042,10610,11718,2322,3236,4150,5033,5850,6945,7356,South America,South America
Peru,Latin America and the Caribbean,Panama,Latin America and the Caribbean,1781,2170,2697,2888,3666,4290,5155,1052,1266,1555,1630,2061,2407,2975,729,904,1142,1258,1605,1883,2180,Central America,South America
Peru,Latin America and the Caribbean,Mexico,Latin America and the Caribbean,2981,4140,5479,5373,5888,4730,5187,1630,2093,2659,2713,3085,3119,3443,1351,2047,2820,2660,2803,1611,1744,Central America,South America
Peru,Latin America and the Caribbean,Bolivia,Latin America and the Caribbean,7138,8306,9386,9549,9691,11284,12565,3932,4590,5197,5404,5600,6520,7251,3206,3716,4189,4145,4091,4764,5314,South America,South America
Peru,Latin America and the Caribbean,Puerto Rico,Latin America and the Caribbean,703,916,1132,925,603,686,2094,333,435,537,439,283,321,976,370,481,595,486,320,365,1118,Caribbean,South America
Peru,Latin America and the Caribbean,Uruguay,Latin America and the Caribbean,555,240,104,96,88,90,106,279,145,71,66,60,62,75,276,95,33,30,28,28,31,South America,South America
Peru,Latin America and the Caribbean,Bahamas,Latin America and the Caribbean,43,41,39,165,290,314,335,27,22,18,74,129,138,148,16,19,21,91,161,176,187,Caribbean,South America
Peru,Latin America and the Caribbean,French Guiana,Latin America and the Caribbean,309,344,379,399,419,584,656,165,176,187,195,204,297,334,144,168,192,204,215,287,322,South America,South America
Peru,Latin America and the Caribbean,Guatemala,Latin America and the Caribbean,210,249,288,343,397,436,491,77,111,146,186,226,252,284,133,138,142,157,171,184,207,Central America,South America
Peru,Latin America and the Caribbean,Aruba,Latin America and the Caribbean,141,540,939,1019,1079,1134,1268,83,295,507,534,550,577,633,58,245,432,485,529,557,635,Caribbean,South America
Peru,Latin America and the Caribbean,Cura√ßao,Latin America and the Caribbean,0,0,0,0,98,105,122,0,0,0,0,42,46,55,0,0,0,0,56,59,67,Caribbean,South America
Peru,Latin America and the Caribbean,Nicaragua,Latin America and the Caribbean,221,176,185,199,212,228,237,125,99,106,115,123,133,139,96,77,79,84,89,95,98,Central America,South America
Peru,Latin America and the Caribbean,El Salvador,Latin America and the Caribbean,246,209,172,198,224,234,237,135,116,98,115,132,138,140,111,93,74,83,92,96,97,Central America,South America
Peru,Latin America and the Caribbean,Cayman Islands,Latin America and the Caribbean,4,8,15,14,15,15,16,2,2,4,4,5,6,6,2,6,11,10,10,9,10,Caribbean,South America
Peru,Latin America and the Caribbean,Honduras,Latin America and the Caribbean,291,288,285,280,274,384,392,171,165,160,159,157,221,227,120,123,125,121,117,163,165,Central America,South America
Peru,Latin America and the Caribbean,Haiti,Latin America and the Caribbean,351,333,316,300,315,330,345,208,198,188,179,188,197,207,143,135,128,121,127,133,138,Caribbean,South America
Peru,Latin America and the Caribbean,Cuba,Latin America and the Caribbean,191,145,88,78,65,52,39,82,59,32,30,27,22,16,109,86,56,48,38,30,23,Caribbean,South America
Mexico,Latin America and the Caribbean,Colombia,Latin America and the Caribbean,1908,2072,2236,2264,3125,4265,5641,945,1047,1150,1184,1668,2323,3107,963,1025,1086,1080,1457,1942,2534,South America,Central America
Mexico,Latin America and the Caribbean,Peru,Latin America and the Caribbean,930,931,1088,1278,1928,3294,6148,440,434,509,602,984,1905,3570,490,497,579,676,944,1389,2578,South America,Central America
Mexico,Latin America and the Caribbean,Venezuela,Latin America and the Caribbean,2886,3012,3115,3344,3627,3831,3610,1284,1378,1461,1530,1620,1681,1552,1602,1634,1654,1814,2007,2150,2058,South America,Central America
Mexico,Latin America and the Caribbean,Argentina,Latin America and the Caribbean,2332,2686,3040,2244,1445,1450,1463,1211,1358,1505,1129,752,754,765,1121,1328,1535,1115,693,696,698,South America,Central America
Mexico,Latin America and the Caribbean,Chile,Latin America and the Caribbean,746,1223,1700,2552,3403,5155,10558,365,614,848,1294,1739,2729,4913,381,609,852,1258,1664,2426,5645,South America,Central America
Mexico,Latin America and the Caribbean,Dominican Republic,Latin America and the Caribbean,1737,1930,2122,1775,1426,1497,1563,773,833,893,819,743,780,815,964,1097,1229,956,683,717,748,Caribbean,Central America
Mexico,Latin America and the Caribbean,Ecuador,Latin America and the Caribbean,656,797,937,1121,1785,2258,2361,296,364,432,530,819,1028,1221,360,433,505,591,966,1230,1140,South America,Central America
Mexico,Latin America and the Caribbean,Costa Rica,Latin America and the Caribbean,2081,1778,2365,1550,3056,3100,3720,962,842,1106,714,1412,1423,1809,1119,936,1259,836,1644,1677,1911,Central America,Central America
Mexico,Latin America and the Caribbean,Brazil,Latin America and the Caribbean,792,1027,1261,1973,2657,3131,3400,480,594,707,1075,1425,1669,1852,312,433,554,898,1232,1462,1548,South America,Central America
Mexico,Latin America and the Caribbean,Panama,Latin America and the Caribbean,1393,1810,2341,2935,4127,4832,5801,554,795,1078,1500,2255,2634,3259,839,1015,1263,1435,1872,2198,2542,Central America,Central America
Mexico,Latin America and the Caribbean,Paraguay,Latin America and the Caribbean,3059,2440,1813,1727,1645,1605,1738,1512,1219,913,870,827,806,876,1547,1221,900,857,818,799,862,South America,Central America
Mexico,Latin America and the Caribbean,Bolivia,Latin America and the Caribbean,8125,8770,9323,8760,8179,9524,10606,4025,4341,4609,4307,3998,4655,5176,4100,4429,4714,4453,4181,4869,5430,South America,Central America
Mexico,Latin America and the Caribbean,Puerto Rico,Latin America and the Caribbean,1907,2302,2703,3118,3142,2647,1831,903,1092,1283,1476,1473,1235,851,1004,1210,1420,1642,1669,1412,980,Caribbean,Central America
Mexico,Latin America and the Caribbean,Uruguay,Latin America and the Caribbean,719,657,602,557,516,532,635,359,311,269,249,228,235,290,360,346,333,308,288,297,345,South America,Central America
Mexico,Latin America and the Caribbean,Bahamas,Latin America and the Caribbean,21,51,82,103,124,134,143,9,31,54,66,79,85,92,12,20,28,37,45,49,51,Caribbean,Central America
Mexico,Latin America and the Caribbean,Belize,Latin America and the Caribbean,3025,2782,2539,2764,2988,3523,3997,1702,1528,1354,1467,1586,1860,2112,1323,1254,1185,1297,1402,1663,1885,South America,Central America
Mexico,Latin America and the Caribbean,Guatemala,Latin America and the Caribbean,5402,8236,11070,13160,15250,16720,18872,1558,3466,5374,7133,8892,9895,11108,3844,4770,5696,6027,6358,6825,7764,Central America,Central America
Mexico,Latin America and the Caribbean,Cura√ßao,Latin America and the Caribbean,0,0,0,0,13,13,15,0,0,0,0,3,4,6,0,0,0,0,10,9,9,Caribbean,Central America
Mexico,Latin America and the Caribbean,Nicaragua,Latin America and the Caribbean,925,734,725,735,785,846,885,395,310,315,326,351,381,399,530,424,410,409,434,465,486,Central America,Central America
Mexico,Latin America and the Caribbean,El Salvador,Latin America and the Caribbean,2457,1948,1438,1541,1644,1714,1742,1095,871,647,700,753,786,799,1362,1077,791,841,891,928,943,Central America,Central America
Mexico,Latin America and the Caribbean,Cayman Islands,Latin America and the Caribbean,12,24,42,38,38,40,43,6,11,20,18,18,20,22,6,13,22,20,20,20,21,Caribbean,Central America
Mexico,Latin America and the Caribbean,Honduras,Latin America and the Caribbean,795,980,1164,1140,1116,1567,1602,409,486,562,557,553,779,797,386,494,602,583,563,788,805,Central America,Central America
Mexico,Latin America and the Caribbean,Antigua and Barbuda,Latin America and the Caribbean,3,4,4,5,5,5,4,1,2,2,3,3,3,3,2,2,2,2,2,2,1,Caribbean,Central America
Mexico,Latin America and the Caribbean,Haiti,Latin America and the Caribbean,306,290,275,261,274,287,299,131,124,118,112,118,124,130,175,166,157,149,156,163,169,Caribbean,Central America
Mexico,Latin America and the Caribbean,Saint Lucia,Latin America and the Caribbean,4,5,8,14,19,18,16,0,0,1,2,2,2,2,4,5,7,12,17,16,14,Caribbean,Central America
Mexico,Latin America and the Caribbean,Cuba,Latin America and the Caribbean,889,674,440,331,237,161,106,445,323,194,148,108,73,47,444,351,246,183,129,88,59,Caribbean,Central America
Mexico,Latin America and the Caribbean,"Bonaire, Sint Eustatius and Saba",Latin America and the Caribbean,0,0,0,0,0,0,0,0,0,0,0,0,0,0,0,0,0,0,0,0,0,Caribbean,Central America
Chile,Latin America and the Caribbean,Colombia,Latin America and the Caribbean,1859,1810,1761,1604,2344,3388,4732,874,892,910,872,1309,1942,2752,985,918,851,732,1035,1446,1980,South America,South America
Chile,Latin America and the Caribbean,Peru,Latin America and the Caribbean,4479,4483,5239,6155,7564,9437,17615,2090,2063,2424,2869,3735,4983,9339,2389,2420,2815,3286,3829,4454,8276,South America,South America
Chile,Latin America and the Caribbean,Venezuela,Latin America and the Caribbean,22198,18675,15733,15347,15123,15263,14390,11600,9742,8183,8008,7923,7894,7334,10598,8933,7550,7339,7200,7369,7056,South America,South America
Chile,Latin America and the Caribbean,Argentina,Latin America and the Caribbean,223528,214736,205945,195338,184687,213119,215198,117266,108853,100442,92817,85183,98228,99908,106262,105883,105503,102521,99504,114891,115290,South America,South America
Chile,Latin America and the Caribbean,Dominican Republic,Latin America and the Caribbean,1891,2101,2310,1458,603,633,661,1237,1357,1476,906,335,353,369,654,744,834,552,268,280,292,Caribbean,South America
Chile,Latin America and the Caribbean,Ecuador,Latin America and the Caribbean,5302,5002,4702,5625,8959,11341,11859,2850,2711,2572,3131,4884,6148,7047,2452,2291,2130,2494,4075,5193,4812,South America,South America
Chile,Latin America and the Caribbean,Costa Rica,Latin America and the Caribbean,1490,1127,1327,870,1715,1739,2086,757,586,686,444,878,885,1113,733,541,641,426,837,854,973,Central America,South America
Chile,Latin America and the Caribbean,Brazil,Latin America and the Caribbean,22243,19708,17172,16352,15300,18036,19596,12936,11601,10266,9780,9147,10731,11859,9307,8107,6906,6572,6153,7305,7737,South America,South America
Chile,Latin America and the Caribbean,Panama,Latin America and the Caribbean,998,997,1060,1184,1549,1813,2178,504,506,538,614,826,965,1198,494,491,522,570,723,848,980,Central America,South America
Chile,Latin America and the Caribbean,Paraguay,Latin America and the Caribbean,2460,2425,2382,2269,2161,2109,2283,1366,1389,1401,1335,1270,1239,1344,1094,1036,981,934,891,870,939,South America,South America
Chile,Latin America and the Caribbean,Mexico,Latin America and the Caribbean,2783,4144,5685,5177,5268,6121,6714,1340,1909,2574,2525,2772,3028,3362,1443,2235,3111,2652,2496,3093,3352,Central America,South America
Chile,Latin America and the Caribbean,Bolivia,Latin America and the Caribbean,4807,4622,4388,4230,4063,4731,5268,2398,2348,2271,2200,2125,2474,2752,2409,2274,2117,2030,1938,2257,2516,South America,South America
Chile,Latin America and the Caribbean,Puerto Rico,Latin America and the Caribbean,924,879,837,1007,1052,789,452,438,418,398,477,493,368,210,486,461,439,530,559,421,242,Caribbean,South America
Chile,Latin America and the Caribbean,Uruguay,Latin America and the Caribbean,1161,1299,1455,1347,1248,1288,1536,559,625,699,648,595,614,752,602,674,756,699,653,674,784,South America,South America
Chile,Latin America and the Caribbean,Bahamas,Latin America and the Caribbean,9,8,8,20,32,35,36,5,4,5,9,14,15,16,4,4,3,11,18,20,20,Caribbean,South America
Chile,Latin America and the Caribbean,Guatemala,Latin America and the Caribbean,271,231,191,227,262,287,322,92,95,98,128,157,174,195,179,136,93,99,105,113,127,Central America,South America
Chile,Latin America and the Caribbean,Nicaragua,Latin America and the Caribbean,144,115,111,110,117,126,130,94,75,69,64,69,75,78,50,40,42,46,48,51,52,Central America,South America
Chile,Latin America and the Caribbean,El Salvador,Latin America and the Caribbean,380,294,207,214,220,229,232,172,136,99,105,111,115,117,208,158,108,109,109,114,115,Central America,South America
Chile,Latin America and the Caribbean,Honduras,Latin America and the Caribbean,273,252,230,226,221,309,314,143,128,113,113,112,157,160,130,124,117,113,109,152,154,Central America,South America
Chile,Latin America and the Caribbean,Haiti,Latin America and the Caribbean,333,316,300,284,298,312,326,214,203,193,183,192,201,211,119,113,107,101,106,111,115,Caribbean,South America
Chile,Latin America and the Caribbean,Falkland Islands (Malvinas),Latin America and the Caribbean,43,42,65,131,181,198,245,25,25,39,76,103,111,138,18,17,26,55,78,87,107,South America,South America
Chile,Latin America and the Caribbean,Cuba,Latin America and the Caribbean,393,298,186,155,123,92,67,214,156,91,81,70,54,38,179,142,95,74,53,38,29,Caribbean,South America
Brazil,Latin America and the Caribbean,Colombia,Latin America and the Caribbean,1728,1809,1889,1854,2570,3525,4685,753,786,818,802,1154,1641,2226,975,1023,1071,1052,1416,1884,2459,South America,South America
Brazil,Latin America and the Caribbean,Peru,Latin America and the Caribbean,3030,3033,3545,4164,6193,8817,16458,1345,1326,1560,1847,3369,5147,9639,1685,1707,1985,2317,2824,3670,6819,South America,South America
Brazil,Latin America and the Caribbean,Venezuela,Latin America and the Caribbean,4323,4590,4828,5214,5689,6026,5680,2130,2268,2388,2576,2811,2936,2722,2193,2322,2440,2638,2878,3090,2958,South America,South America
Brazil,Latin America and the Caribbean,Argentina,Latin America and the Caribbean,34359,33642,32925,37609,42283,48792,49267,14973,14479,13985,15912,17837,20566,20943,19386,19163,18940,21697,24446,28226,28324,South America,South America
Brazil,Latin America and the Caribbean,Chile,Latin America and the Caribbean,4332,5611,6886,8477,10065,15247,18976,2039,2659,3243,4056,4869,7647,8404,2293,2952,3643,4421,5196,7600,10572,South America,South America
Brazil,Latin America and the Caribbean,Dominican Republic,Latin America and the Caribbean,950,1055,1160,888,614,644,671,442,477,512,408,304,319,333,508,578,648,480,310,325,338,Caribbean,South America
Brazil,Latin America and the Caribbean,Ecuador,Latin America and the Caribbean,968,1035,1101,1317,2097,2654,2774,415,462,509,623,964,1212,1438,553,573,592,694,1133,1442,1336,South America,South America
Brazil,Latin America and the Caribbean,Costa Rica,Latin America and the Caribbean,346,304,415,273,537,544,652,163,150,207,134,264,267,337,183,154,208,139,273,277,315,Central America,South America
Brazil,Latin America and the Caribbean,Panama,Latin America and the Caribbean,633,695,802,1139,1710,2002,2406,247,273,313,501,806,941,1179,386,422,489,638,904,1061,1227,Central America,South America
Brazil,Latin America and the Caribbean,Paraguay,Latin America and the Caribbean,111355,97450,83208,79266,75523,73715,79897,59366,51742,43666,41600,39560,38569,41893,51989,45708,39542,37666,35963,35146,38004,South America,South America
Brazil,Latin America and the Caribbean,Mexico,Latin America and the Caribbean,1682,2482,3391,3745,4533,6350,6964,782,1080,1434,1616,1989,2951,3282,900,1402,1957,2129,2544,3399,3682,Central America,South America
Brazil,Latin America and the Caribbean,Bolivia,Latin America and the Caribbean,10558,12746,14801,18453,22066,25692,28612,5564,6642,7647,9584,11504,13393,14893,4994,6104,7154,8869,10562,12299,13719,South America,South America
Brazil,Latin America and the Caribbean,Puerto Rico,Latin America and the Caribbean,185,195,207,162,97,95,40,88,93,99,77,45,45,19,97,102,108,85,52,50,21,Caribbean,South America
Brazil,Latin America and the Caribbean,Uruguay,Latin America and the Caribbean,10581,11084,11507,12923,11978,12369,14762,7392,6380,4684,5261,4812,4965,6137,3189,4704,6823,7662,7166,7404,8625,South America,South America
Brazil,Latin America and the Caribbean,Bahamas,Latin America and the Caribbean,36,41,47,80,112,121,128,16,18,21,38,54,58,63,20,23,26,42,58,63,65,Caribbean,South America
Brazil,Latin America and the Caribbean,French Guiana,Latin America and the Caribbean,6204,7022,7840,11989,16137,22921,25759,3311,3593,3876,6038,8200,12709,14283,2893,3429,3964,5951,7937,10212,11476,South America,South America
Brazil,Latin America and the Caribbean,Guyana,Latin America and the Caribbean,485,780,1074,1448,1135,1201,1260,292,471,649,880,711,753,791,193,309,425,568,424,448,469,South America,South America
Brazil,Latin America and the Caribbean,Guatemala,Latin America and the Caribbean,77,114,151,180,209,229,257,16,42,69,95,122,135,152,61,72,82,85,87,94,105,Central America,South America
Brazil,Latin America and the Caribbean,Guadeloupe,Latin America and the Caribbean,35,39,42,52,61,59,58,12,16,19,24,28,25,25,23,23,23,28,33,34,33,Caribbean,South America
Brazil,Latin America and the Caribbean,Suriname,Latin America and the Caribbean,2100,2594,3204,3921,4626,5023,5566,1133,1404,1735,2136,2523,2743,3061,967,1190,1469,1785,2103,2280,2505,South America,South America
Brazil,Latin America and the Caribbean,Nicaragua,Latin America and the Caribbean,138,110,107,107,114,122,126,53,42,45,48,52,56,58,85,68,62,59,62,66,68,Central America,South America
Brazil,Latin America and the Caribbean,El Salvador,Latin America and the Caribbean,329,264,198,215,232,242,245,126,106,85,97,109,114,116,203,158,113,118,123,128,129,Central America,South America
Brazil,Latin America and the Caribbean,Cayman Islands,Latin America and the Caribbean,21,42,73,66,66,71,78,10,20,34,31,31,34,38,11,22,39,35,35,37,40,Caribbean,South America
Brazil,Latin America and the Caribbean,Honduras,Latin America and the Caribbean,179,178,176,173,169,237,240,77,73,69,69,69,97,98,102,105,107,104,100,140,142,Central America,South America
Brazil,Latin America and the Caribbean,Martinique,Latin America and the Caribbean,16,41,67,70,74,85,84,6,16,27,27,28,31,31,10,25,40,43,46,54,53,Caribbean,South America
Brazil,Latin America and the Caribbean,Saint Lucia,Latin America and the Caribbean,5,6,9,9,9,8,6,3,4,6,6,6,6,6,2,2,3,3,3,2,0,Caribbean,South America
Panama,Latin America and the Caribbean,Colombia,Latin America and the Caribbean,2073,1966,1858,1645,2068,2573,3123,962,912,862,764,1000,1293,1604,1111,1054,996,881,1068,1280,1519,South America,Central America
Panama,Latin America and the Caribbean,Peru,Latin America and the Caribbean,214,215,252,296,330,350,644,106,105,123,145,161,176,323,108,110,129,151,169,174,321,South America,Central America
Panama,Latin America and the Caribbean,Venezuela,Latin America and the Caribbean,1470,1203,976,925,886,880,828,687,571,469,439,416,407,376,783,632,507,486,470,473,452,South America,Central America
Panama,Latin America and the Caribbean,Argentina,Latin America and the Caribbean,376,357,338,250,160,161,161,242,214,187,139,92,93,94,134,143,151,111,68,68,67,South America,Central America
Panama,Latin America and the Caribbean,Dominican Republic,Latin America and the Caribbean,699,777,854,787,721,756,789,398,434,470,422,375,393,410,301,343,384,365,346,363,379,Caribbean,Central America
Panama,Latin America and the Caribbean,Ecuador,Latin America and the Caribbean,321,361,400,479,762,964,1008,164,185,205,251,389,490,570,157,176,195,228,373,474,438,South America,Central America
Panama,Latin America and the Caribbean,Costa Rica,Latin America and the Caribbean,8692,7652,10438,6205,11261,11424,13711,4539,4085,5528,3212,5778,5828,7330,4153,3567,4910,2993,5483,5596,6381,Central America,Central America
Panama,Latin America and the Caribbean,Brazil,Latin America and the Caribbean,974,767,559,541,517,608,660,567,446,325,333,336,394,434,407,321,234,208,181,214,226,South America,Central America
Panama,Latin America and the Caribbean,Mexico,Latin America and the Caribbean,25641,13722,2396,1967,1767,1612,1767,12956,6879,1138,943,860,937,1037,12685,6843,1258,1024,907,675,730,Central America,Central America
Panama,Latin America and the Caribbean,Bolivia,Latin America and the Caribbean,92,95,97,96,94,110,121,52,49,46,48,50,58,65,40,46,51,48,44,52,56,South America,Central America
Panama,Latin America and the Caribbean,Puerto Rico,Latin America and the Caribbean,1873,1661,1454,1104,617,921,589,887,788,690,524,289,430,274,986,873,764,580,328,491,315,Caribbean,Central America
Panama,Latin America and the Caribbean,Bahamas,Latin America and the Caribbean,17,15,14,31,48,52,54,6,6,7,11,16,17,18,11,9,7,20,32,35,36,Caribbean,Central America
Panama,Latin America and the Caribbean,Guatemala,Latin America and the Caribbean,242,216,190,226,261,286,321,67,75,84,110,135,150,169,175,141,106,116,126,136,152,Central America,Central America
Panama,Latin America and the Caribbean,Nicaragua,Latin America and the Caribbean,442,351,347,352,376,405,423,216,170,182,196,211,228,239,226,181,165,156,165,177,184,Central America,Central America
Panama,Latin America and the Caribbean,El Salvador,Latin America and the Caribbean,557,456,354,394,433,451,458,260,211,162,180,198,206,210,297,245,192,214,235,245,248,Central America,Central America
Panama,Latin America and the Caribbean,Cayman Islands,Latin America and the Caribbean,42,81,140,127,126,136,151,23,43,74,68,68,74,82,19,38,66,59,58,62,69,Caribbean,Central America
Panama,Latin America and the Caribbean,Honduras,Latin America and the Caribbean,190,243,296,290,284,398,406,111,138,165,163,162,228,234,79,105,131,127,122,170,172,Central America,Central America
Panama,Latin America and the Caribbean,Jamaica,Latin America and the Caribbean,73,77,80,78,76,74,74,31,33,35,34,34,33,33,42,44,45,44,42,41,41,Caribbean,Central America
Panama,Latin America and the Caribbean,Saint Lucia,Latin America and the Caribbean,12,16,22,15,8,7,5,6,9,12,9,5,5,5,6,7,10,6,3,2,0,Caribbean,Central America
Panama,Latin America and the Caribbean,Cuba,Latin America and the Caribbean,184,140,98,61,37,21,11,63,44,26,17,11,6,3,121,96,72,44,26,15,8,Caribbean,Central America
Cuba,Latin America and the Caribbean,Colombia,Latin America and the Caribbean,1296,1375,1454,1450,1772,2144,2534,756,817,879,891,1099,1340,1591,540,558,575,559,673,804,943,South America,Caribbean
Cuba,Latin America and the Caribbean,Peru,Latin America and the Caribbean,563,564,660,776,868,922,3170,336,333,391,462,515,558,1930,227,231,269,314,353,364,1240,South America,Caribbean
Cuba,Latin America and the Caribbean,Venezuela,Latin America and the Caribbean,11559,10603,9928,10372,10941,11423,10769,5874,5466,5191,5346,5562,5728,5316,5685,5137,4737,5026,5379,5695,5453,South America,Caribbean
Cuba,Latin America and the Caribbean,Argentina,Latin America and the Caribbean,1427,1873,2319,1712,1102,1106,1116,628,910,1192,893,593,595,604,799,963,1127,819,509,511,512,South America,Caribbean
Cuba,Latin America and the Caribbean,Chile,Latin America and the Caribbean,518,1751,2984,4479,5973,2051,23929,247,919,1558,2373,3188,1133,13685,271,832,1426,2106,2785,918,10244,South America,Caribbean
Cuba,Latin America and the Caribbean,Dominican Republic,Latin America and the Caribbean,6824,7580,8335,5999,3656,3259,3402,3900,4253,4606,3317,2025,1903,1984,2924,3327,3729,2682,1631,1356,1418,Caribbean,Caribbean
Cuba,Latin America and the Caribbean,Ecuador,Latin America and the Caribbean,998,1120,1242,1486,3772,2994,3130,551,619,687,836,2082,1642,1878,447,501,555,650,1690,1352,1252,South America,Caribbean
Cuba,Latin America and the Caribbean,Costa Rica,Latin America and the Caribbean,4504,3558,4391,2878,5675,5756,6908,2348,1900,2334,1512,2989,3015,3783,2156,1658,2057,1366,2686,2741,3125,Central America,Caribbean
Cuba,Latin America and the Caribbean,Brazil,Latin America and the Caribbean,442,894,1346,1715,2060,2427,14798,191,484,777,1006,1220,1431,8773,251,410,569,709,840,996,6025,South America,Caribbean
Cuba,Latin America and the Caribbean,Panama,Latin America and the Caribbean,3267,2396,1676,1856,2413,2825,2194,1787,1324,938,1059,1410,1648,1332,1480,1072,738,797,1003,1177,862,Central America,Caribbean
Cuba,Latin America and the Caribbean,Mexico,Latin America and the Caribbean,2660,4858,7267,9024,11825,12348,13546,1138,2235,3445,4485,6051,6590,7305,1522,2623,3822,4539,5774,5758,6241,Central America,Caribbean
Cuba,Latin America and the Caribbean,Bolivia,Latin America and the Caribbean,105,311,513,1018,1520,1771,1971,55,166,275,525,773,900,1002,50,145,238,493,747,871,969,South America,Caribbean
Cuba,Latin America and the Caribbean,Puerto Rico,Latin America and the Caribbean,19579,19293,19054,17039,12882,13321,12637,9510,9266,9042,8077,6039,6214,5871,10069,10027,10012,8962,6843,7107,6766,Caribbean,Caribbean
Cuba,Latin America and the Caribbean,Bahamas,Latin America and the Caribbean,48,79,110,240,370,401,429,17,31,46,81,117,125,134,31,48,64,159,253,276,295,Caribbean,Caribbean
Cuba,Latin America and the Caribbean,Trinidad and Tobago,Latin America and the Caribbean,40,36,40,42,74,157,2412,22,20,22,23,43,86,1294,18,16,18,19,31,71,1118,Caribbean,Caribbean
Cuba,Latin America and the Caribbean,Guatemala,Latin America and the Caribbean,275,347,418,496,574,630,708,101,160,218,279,341,380,425,174,187,200,217,233,250,283,Central America,Caribbean
Cuba,Latin America and the Caribbean,Cura√ßao,Latin America and the Caribbean,0,0,0,0,216,233,271,0,0,0,0,103,112,134,0,0,0,0,113,121,137,Caribbean,Caribbean
Cuba,Latin America and the Caribbean,Nicaragua,Latin America and the Caribbean,896,711,754,817,873,941,984,534,421,457,502,539,583,610,362,290,297,315,334,358,374,Central America,Caribbean
Cuba,Latin America and the Caribbean,El Salvador,Latin America and the Caribbean,84,82,80,102,123,128,129,44,43,43,56,68,71,72,40,39,37,46,55,57,57,Central America,Caribbean
Cuba,Latin America and the Caribbean,Cayman Islands,Latin America and the Caribbean,232,437,753,693,695,757,844,126,239,412,357,335,364,409,106,198,341,336,360,393,435,Caribbean,Caribbean
Cuba,Latin America and the Caribbean,Honduras,Latin America and the Caribbean,464,460,455,446,436,612,624,322,315,307,302,297,417,426,142,145,148,144,139,195,198,Central America,Caribbean
Cuba,Latin America and the Caribbean,Antigua and Barbuda,Latin America and the Caribbean,12,15,17,18,19,20,19,6,7,8,8,9,9,9,6,8,9,10,10,11,10,Caribbean,Caribbean
Cuba,Latin America and the Caribbean,Barbados,Latin America and the Caribbean,0,0,0,42,56,58,57,0,0,0,21,28,29,29,0,0,0,21,28,29,28,Caribbean,Caribbean
Cuba,Latin America and the Caribbean,Sint Maarten (Dutch part),Latin America and the Caribbean,0,0,0,397,795,828,874,0,0,0,147,295,306,324,0,0,0,250,500,522,550,Caribbean,Caribbean
Cuba,Latin America and the Caribbean,Dominica,Latin America and the Caribbean,5,6,7,8,10,12,11,0,0,0,0,2,3,3,5,6,7,8,8,9,8,Caribbean,Caribbean
Cuba,Latin America and the Caribbean,Haiti,Latin America and the Caribbean,1203,1142,1084,1029,1080,1133,1185,673,639,607,576,605,635,665,530,503,477,453,475,498,520,Caribbean,Caribbean
Cuba,Latin America and the Caribbean,Jamaica,Latin America and the Caribbean,1746,1837,1928,1879,1830,1791,1825,835,891,947,929,911,892,911,911,946,981,950,919,899,914,Caribbean,Caribbean
Cuba,Latin America and the Caribbean,Saint Lucia,Latin America and the Caribbean,10,13,18,54,87,83,79,4,6,8,23,37,36,35,6,7,10,31,50,47,44,Caribbean,Caribbean
Cuba,Latin America and the Caribbean,"Bonaire, Sint Eustatius and Saba",Latin America and the Caribbean,0,0,0,0,0,0,0,0,0,0,0,0,0,0,0,0,0,0,0,0,0,Caribbean,Caribbean
Costa Rica,Latin America and the Caribbean,Colombia,Latin America and the Caribbean,691,757,822,839,1106,1442,1828,321,357,392,405,542,718,918,370,400,430,434,564,724,910,South America,Central America
Costa Rica,Latin America and the Caribbean,Peru,Latin America and the Caribbean,209,210,246,289,323,343,638,101,100,118,139,155,170,318,108,110,128,150,168,173,320,South America,Central America
Costa Rica,Latin America and the Caribbean,Venezuela,Latin America and the Caribbean,1661,1405,1178,1142,1120,1127,1061,715,592,484,482,485,480,442,946,813,694,660,635,647,619,South America,Central America
Costa Rica,Latin America and the Caribbean,Argentina,Latin America and the Caribbean,462,359,257,191,123,123,124,223,179,136,102,68,68,69,239,180,121,89,55,55,55,South America,Central America
Costa Rica,Latin America and the Caribbean,Dominican Republic,Latin America and the Caribbean,1552,1724,1896,1096,293,307,320,628,673,718,438,156,164,171,924,1051,1178,658,137,143,149,Caribbean,Central America
Costa Rica,Latin America and the Caribbean,Ecuador,Latin America and the Caribbean,313,351,389,466,742,938,1027,145,162,180,221,343,430,556,168,189,209,245,399,508,471,South America,Central America
Costa Rica,Latin America and the Caribbean,Brazil,Latin America and the Caribbean,388,314,239,313,384,452,490,267,188,109,171,231,271,300,121,126,130,142,153,181,190,South America,Central America
Costa Rica,Latin America and the Caribbean,Panama,Latin America and the Caribbean,3919,4155,4654,5121,6629,7760,9320,1683,1844,2108,2366,3160,3688,4607,2236,2311,2546,2755,3469,4072,4713,Central America,Central America
Costa Rica,Latin America and the Caribbean,Mexico,Latin America and the Caribbean,2088,2571,3166,2670,2483,3128,3430,783,1000,1270,1134,1132,1547,1718,1305,1571,1896,1536,1351,1581,1712,Central America,Central America
Costa Rica,Latin America and the Caribbean,Bolivia,Latin America and the Caribbean,102,122,141,133,125,147,162,53,61,68,66,64,75,84,49,61,73,67,61,72,78,South America,Central America
Costa Rica,Latin America and the Caribbean,Puerto Rico,Latin America and the Caribbean,487,531,577,601,551,685,924,231,252,274,285,259,320,430,256,279,303,316,292,365,494,Caribbean,Central America
Costa Rica,Latin America and the Caribbean,Bahamas,Latin America and the Caribbean,10,38,66,58,50,54,56,5,16,27,23,20,21,22,5,22,39,35,30,33,34,Caribbean,Central America
Costa Rica,Latin America and the Caribbean,Guatemala,Latin America and the Caribbean,758,746,734,872,1010,1108,1248,204,261,319,417,515,576,646,554,485,415,455,495,532,602,Central America,Central America
Costa Rica,Latin America and the Caribbean,Nicaragua,Latin America and the Caribbean,5959,4727,6948,9343,9989,10772,11281,2894,2277,3453,4692,5051,5473,5728,3065,2450,3495,4651,4938,5299,5553,Central America,Central America
Costa Rica,Latin America and the Caribbean,El Salvador,Latin America and the Caribbean,1558,1188,818,829,840,876,889,759,573,387,387,388,405,411,799,615,431,442,452,471,478,Central America,Central America
Costa Rica,Latin America and the Caribbean,Cayman Islands,Latin America and the Caribbean,87,165,284,193,120,130,144,62,118,202,137,84,92,103,25,47,82,56,36,38,41,Caribbean,Central America
Costa Rica,Latin America and the Caribbean,Honduras,Latin America and the Caribbean,594,617,639,626,613,861,879,328,331,334,331,328,462,472,266,286,305,295,285,399,407,Central America,Central America
Costa Rica,Latin America and the Caribbean,Haiti,Latin America and the Caribbean,274,260,246,233,244,256,267,106,101,95,90,94,99,104,168,159,151,143,150,157,163,Caribbean,Central America
Costa Rica,Latin America and the Caribbean,Jamaica,Latin America and the Caribbean,96,101,106,104,101,99,100,40,42,45,45,45,44,45,56,59,61,59,56,55,55,Caribbean,Central America
Bolivia,Latin America and the Caribbean,Colombia,Latin America and the Caribbean,634,653,671,652,795,958,1129,304,328,351,355,418,485,559,330,325,320,297,377,473,570,South America,South America
Bolivia,Latin America and the Caribbean,Peru,Latin America and the Caribbean,3569,3572,4174,4904,7026,16767,28165,1591,1568,1842,2183,3341,9112,14102,1978,2004,2332,2721,3685,7655,14063,South America,South America
Bolivia,Latin America and the Caribbean,Venezuela,Latin America and the Caribbean,2224,2031,1838,1864,1910,1967,1853,1161,1062,961,976,1001,1018,946,1063,969,877,888,909,949,907,South America,South America
Bolivia,Latin America and the Caribbean,Argentina,Latin America and the Caribbean,147234,186685,226137,294672,363142,419048,423136,76050,95917,115786,147853,179904,207475,210826,71184,90768,110351,146819,183238,211573,212310,South America,South America
Bolivia,Latin America and the Caribbean,Chile,Latin America and the Caribbean,7277,8926,10568,17859,25143,53244,128782,3455,4122,4849,8357,11864,26050,57194,3822,4804,5719,9502,13279,27194,71588,South America,South America
Bolivia,Latin America and the Caribbean,Dominican Republic,Latin America and the Caribbean,363,403,443,304,163,170,176,194,211,228,163,96,101,105,169,192,215,141,67,69,71,Caribbean,South America
Bolivia,Latin America and the Caribbean,Ecuador,Latin America and the Caribbean,509,572,634,758,1208,1528,1597,270,304,338,411,642,808,930,239,268,296,347,566,720,667,South America,South America
Bolivia,Latin America and the Caribbean,Costa Rica,Latin America and the Caribbean,269,220,282,186,365,369,442,159,136,178,116,228,231,285,110,84,104,70,137,138,157,Central America,South America
Bolivia,Latin America and the Caribbean,Brazil,Latin America and the Caribbean,15996,18217,20437,29671,38484,45364,49289,9177,10223,11268,16067,20621,24156,26825,6819,7994,9169,13604,17863,21208,22464,South America,South America
Bolivia,Latin America and the Caribbean,Panama,Latin America and the Caribbean,213,194,189,261,388,454,543,108,100,98,129,190,223,277,105,94,91,132,198,231,266,Central America,South America
Bolivia,Latin America and the Caribbean,Paraguay,Latin America and the Caribbean,809,976,1140,1086,1034,1009,1092,420,508,590,563,535,522,567,389,468,550,523,499,487,525,South America,South America
Bolivia,Latin America and the Caribbean,Mexico,Latin America and the Caribbean,1519,1725,2007,1889,1989,1599,1753,954,1011,1116,1016,1035,684,763,565,714,891,873,954,915,990,Central America,South America
Bolivia,Latin America and the Caribbean,Puerto Rico,Latin America and the Caribbean,109,115,122,96,58,56,24,52,55,58,46,27,27,12,57,60,64,50,31,29,12,Caribbean,South America
Bolivia,Latin America and the Caribbean,Guatemala,Latin America and the Caribbean,67,77,86,102,118,130,145,22,30,37,45,54,60,68,45,47,49,57,64,70,77,Central America,South America
Bolivia,Latin America and the Caribbean,Nicaragua,Latin America and the Caribbean,47,38,46,57,60,64,66,29,23,28,34,36,39,41,18,15,18,23,24,25,25,Central America,South America
Bolivia,Latin America and the Caribbean,El Salvador,Latin America and the Caribbean,73,59,44,48,51,53,53,48,37,26,27,28,29,29,25,22,18,21,23,24,24,Central America,South America
Bolivia,Latin America and the Caribbean,Honduras,Latin America and the Caribbean,112,111,110,108,105,147,149,84,82,81,79,77,108,110,28,29,29,29,28,39,39,Central America,South America
Bolivia,Latin America and the Caribbean,Cuba,Latin America and the Caribbean,128,97,55,57,56,52,46,74,54,29,29,26,23,20,54,43,26,28,30,29,26,Caribbean,South America
Dominican Republic,Latin America and the Caribbean,Colombia,Latin America and the Caribbean,361,350,338,305,469,714,1046,173,167,160,144,236,381,577,188,183,178,161,233,333,469,South America,Caribbean
Dominican Republic,Latin America and the Caribbean,Peru,Latin America and the Caribbean,111,112,132,155,174,184,342,55,54,64,75,85,92,172,56,58,68,80,89,92,170,South America,Caribbean
Dominican Republic,Latin America and the Caribbean,Venezuela,Latin America and the Caribbean,18280,16240,14293,14286,14423,14743,13899,6911,6273,5625,5520,5477,5470,5019,11369,9967,8668,8766,8946,9273,8880,South America,Caribbean
Dominican Republic,Latin America and the Caribbean,Argentina,Latin America and the Caribbean,265,849,1434,1059,682,684,689,127,230,335,260,185,185,189,138,619,1099,799,497,499,500,South America,Caribbean
Dominican Republic,Latin America and the Caribbean,Chile,Latin America and the Caribbean,124,197,271,406,542,821,36485,56,91,124,190,256,403,14406,68,106,147,216,286,418,22079,South America,Caribbean
Dominican Republic,Latin America and the Caribbean,Ecuador,Latin America and the Caribbean,118,133,147,176,280,353,369,52,59,65,79,123,154,185,66,74,82,97,157,199,184,South America,Caribbean
Dominican Republic,Latin America and the Caribbean,Costa Rica,Latin America and the Caribbean,553,556,838,550,1084,1098,1317,204,202,288,184,365,365,483,349,354,550,366,719,733,834,Central America,Caribbean
Dominican Republic,Latin America and the Caribbean,Brazil,Latin America and the Caribbean,277,190,102,207,310,365,1274,85,60,35,52,69,80,284,192,130,67,155,241,285,990,South America,Caribbean
Dominican Republic,Latin America and the Caribbean,Panama,Latin America and the Caribbean,1474,3554,5859,5798,6914,8095,9711,417,1022,1677,1749,2257,2627,3386,1057,2532,4182,4049,4657,5468,6325,Central America,Caribbean
Dominican Republic,Latin America and the Caribbean,Mexico,Latin America and the Caribbean,522,842,1199,1325,1604,2832,3107,279,413,567,645,799,1136,1270,243,429,632,680,805,1696,1837,Central America,Caribbean
Dominican Republic,Latin America and the Caribbean,Bolivia,Latin America and the Caribbean,44,22,0,50,100,117,128,17,8,0,27,54,62,69,27,14,0,23,46,55,59,South America,Caribbean
Dominican Republic,Latin America and the Caribbean,Puerto Rico,Latin America and the Caribbean,37207,49325,61563,66983,63981,57891,46905,16335,22749,29214,31706,29989,27004,21789,20872,26576,32349,35277,33992,30887,25116,Caribbean,Caribbean
Dominican Republic,Latin America and the Caribbean,Bahamas,Latin America and the Caribbean,44,64,84,177,269,291,310,22,33,45,103,160,172,184,22,31,39,74,109,119,126,Caribbean,Caribbean
Dominican Republic,Latin America and the Caribbean,Guatemala,Latin America and the Caribbean,59,64,68,82,95,104,115,13,23,32,45,57,63,70,46,41,36,37,38,41,45,Central America,Caribbean
Dominican Republic,Latin America and the Caribbean,Aruba,Latin America and the Caribbean,2042,2829,3615,3903,4114,4327,4839,530,812,1094,1282,1545,1619,1748,1512,2017,2521,2621,2569,2708,3091,Caribbean,Caribbean
Dominican Republic,Latin America and the Caribbean,Cura√ßao,Latin America and the Caribbean,0,0,0,0,5260,5715,6665,0,0,0,0,1242,1357,1702,0,0,0,0,4018,4358,4963,Caribbean,Caribbean
Dominican Republic,Latin America and the Caribbean,Turks and Caicos Islands,Latin America and the Caribbean,349,520,692,722,1354,1756,1989,181,285,389,401,677,879,998,168,235,303,321,677,877,991,Caribbean,Caribbean
Dominican Republic,Latin America and the Caribbean,Guadeloupe,Latin America and the Caribbean,3440,2517,1593,1253,913,874,864,1655,1092,529,428,328,292,284,1785,1425,1064,825,585,582,580,Caribbean,Caribbean
Dominican Republic,Latin America and the Caribbean,Nicaragua,Latin America and the Caribbean,65,52,55,60,64,69,71,32,25,28,31,34,37,39,33,27,27,29,30,32,32,Central America,Caribbean
Dominican Republic,Latin America and the Caribbean,El Salvador,Latin America and the Caribbean,38,41,43,56,69,72,72,18,21,23,30,38,40,40,20,20,20,26,31,32,32,Central America,Caribbean
Dominican Republic,Latin America and the Caribbean,Cayman Islands,Latin America and the Caribbean,20,39,68,62,61,66,72,16,31,53,48,47,52,58,4,8,15,14,14,14,14,Caribbean,Caribbean
Dominican Republic,Latin America and the Caribbean,Honduras,Latin America and the Caribbean,103,102,101,99,96,135,137,66,64,62,61,60,85,87,37,38,39,38,36,50,50,Central America,Caribbean
Dominican Republic,Latin America and the Caribbean,United States Virgin Islands,Latin America and the Caribbean,533,1861,3194,3915,4638,4641,4642,207,723,1240,1530,1821,1822,1823,326,1138,1954,2385,2817,2819,2819,Caribbean,Caribbean
Dominican Republic,Latin America and the Caribbean,Antigua and Barbuda,Latin America and the Caribbean,621,1044,1466,1572,1678,1784,1865,298,426,554,593,632,671,703,323,618,912,979,1046,1113,1162,Caribbean,Caribbean
Dominican Republic,Latin America and the Caribbean,Martinique,Latin America and the Caribbean,16,69,122,128,134,155,153,3,30,56,57,58,65,64,13,39,66,71,76,90,89,Caribbean,Caribbean
Dominican Republic,Latin America and the Caribbean,Sint Maarten (Dutch part),Latin America and the Caribbean,0,0,0,1701,3403,3546,3762,0,0,0,613,1227,1275,1346,0,0,0,1088,2176,2271,2416,Caribbean,Caribbean
Dominican Republic,Latin America and the Caribbean,British Virgin Islands,Latin America and the Caribbean,748,879,1010,1157,1526,1745,1979,376,430,485,556,754,856,971,372,449,525,601,772,889,1008,Caribbean,Caribbean
Dominican Republic,Latin America and the Caribbean,Haiti,Latin America and the Caribbean,2406,2285,2170,2061,2164,2272,2377,1345,1278,1214,1153,1211,1272,1332,1061,1007,956,908,953,1000,1045,Caribbean,Caribbean
Dominican Republic,Latin America and the Caribbean,Saint Lucia,Latin America and the Caribbean,20,26,37,40,40,38,35,8,10,15,17,16,16,16,12,16,22,23,24,22,19,Caribbean,Caribbean
Dominican Republic,Latin America and the Caribbean,Anguilla,Latin America and the Caribbean,308,397,486,560,610,653,680,201,256,311,359,392,420,438,107,141,175,201,218,233,242,Caribbean,Caribbean
Dominican Republic,Latin America and the Caribbean,Montserrat,Latin America and the Caribbean,37,29,22,22,23,24,23,25,20,16,16,17,18,18,12,9,6,6,6,6,5,Caribbean,Caribbean
Dominican Republic,Latin America and the Caribbean,Cuba,Latin America and the Caribbean,267,203,146,87,49,27,14,118,85,55,29,12,6,3,149,118,91,58,37,21,11,Caribbean,Caribbean
Dominican Republic,Latin America and the Caribbean,"Bonaire, Sint Eustatius and Saba",Latin America and the Caribbean,0,0,0,0,0,0,0,0,0,0,0,0,0,0,0,0,0,0,0,0,0,Caribbean,Caribbean
Guatemala,Latin America and the Caribbean,Colombia,Latin America and the Caribbean,264,305,346,365,494,661,857,105,131,157,173,251,358,481,159,174,189,192,243,303,376,South America,Central America
Guatemala,Latin America and the Caribbean,Peru,Latin America and the Caribbean,100,101,119,140,156,166,308,50,49,58,68,76,84,157,50,52,61,72,80,82,151,South America,Central America
Guatemala,Latin America and the Caribbean,Venezuela,Latin America and the Caribbean,579,501,433,425,422,428,402,268,236,208,201,197,197,182,311,265,225,224,225,231,220,South America,Central America
Guatemala,Latin America and the Caribbean,Argentina,Latin America and the Caribbean,116,158,201,150,96,96,96,93,93,94,71,48,48,49,23,65,107,79,48,48,47,South America,Central America
Guatemala,Latin America and the Caribbean,Dominican Republic,Latin America and the Caribbean,475,528,580,495,408,428,446,337,371,404,313,220,231,241,138,157,176,182,188,197,205,Caribbean,Central America
Guatemala,Latin America and the Caribbean,Ecuador,Latin America and the Caribbean,144,162,179,214,341,430,449,70,79,87,106,165,206,242,74,83,92,108,176,224,207,South America,Central America
Guatemala,Latin America and the Caribbean,Costa Rica,Latin America and the Caribbean,1977,1602,2029,1330,2623,2660,3192,1026,842,1050,679,1344,1356,1706,951,760,979,651,1279,1304,1486,Central America,Central America
Guatemala,Latin America and the Caribbean,Brazil,Latin America and the Caribbean,53,106,158,225,290,341,369,15,66,116,135,153,179,199,38,40,42,90,137,162,170,South America,Central America
Guatemala,Latin America and the Caribbean,Panama,Latin America and the Caribbean,376,473,600,894,1372,1606,1925,191,242,307,486,774,904,1116,185,231,293,408,598,702,809,Central America,Central America
Guatemala,Latin America and the Caribbean,Mexico,Latin America and the Caribbean,72343,49676,29156,29329,32894,42221,46318,36574,26336,17372,15302,15024,19636,21837,35769,23340,11784,14027,17870,22585,24481,Central America,Central America
Guatemala,Latin America and the Caribbean,Bolivia,Latin America and the Caribbean,146,144,141,132,122,143,158,69,68,67,68,68,79,89,77,76,74,64,54,64,69,South America,Central America
Guatemala,Latin America and the Caribbean,Puerto Rico,Latin America and the Caribbean,487,515,546,563,511,381,331,231,244,259,267,240,178,155,256,271,287,296,271,203,176,Caribbean,Central America
Guatemala,Latin America and the Caribbean,Bahamas,Latin America and the Caribbean,7,8,9,21,32,35,36,1,2,3,9,15,16,17,6,6,6,12,17,19,19,Caribbean,Central America
Guatemala,Latin America and the Caribbean,Belize,Latin America and the Caribbean,12650,14350,16058,18022,19995,23580,26767,6504,7178,7853,8763,9723,11393,12929,6146,7172,8205,9259,10272,12187,13838,South America,Central America
Guatemala,Latin America and the Caribbean,Nicaragua,Latin America and the Caribbean,1134,900,1199,1529,1634,1762,1843,583,459,624,802,863,935,977,551,441,575,727,771,827,866,Central America,Central America
Guatemala,Latin America and the Caribbean,El Salvador,Latin America and the Caribbean,8235,7224,6212,7367,8521,8885,9036,3739,3298,2857,3417,3977,4153,4224,4496,3926,3355,3950,4544,4732,4812,Central America,Central America
Guatemala,Latin America and the Caribbean,Honduras,Latin America and the Caribbean,3250,3336,3421,3351,3280,4607,4711,1713,1705,1697,1682,1667,2347,2401,1537,1631,1724,1669,1613,2260,2310,Central America,Central America
Guatemala,Latin America and the Caribbean,Jamaica,Latin America and the Caribbean,295,311,326,318,309,302,307,123,132,141,139,136,133,136,172,179,185,179,173,169,171,Caribbean,Central America
Guatemala,Latin America and the Caribbean,Saint Lucia,Latin America and the Caribbean,2,2,4,4,4,3,1,1,2,3,3,3,3,1,1,0,1,1,1,0,0,Caribbean,Central America
Guatemala,Latin America and the Caribbean,Cuba,Latin America and the Caribbean,153,116,75,56,41,27,18,75,54,32,24,18,12,8,78,62,43,32,23,15,10,Caribbean,Central America
El Salvador,Latin America and the Caribbean,Colombia,Latin America and the Caribbean,297,306,315,305,425,586,782,149,160,171,171,235,320,423,148,146,144,134,190,266,359,South America,Central America
El Salvador,Latin America and the Caribbean,Peru,Latin America and the Caribbean,66,67,79,93,103,110,203,32,31,37,44,49,55,104,34,36,42,49,54,55,99,South America,Central America
El Salvador,Latin America and the Caribbean,Venezuela,Latin America and the Caribbean,1017,965,908,937,978,1015,956,445,425,402,413,430,439,406,572,540,506,524,548,576,550,South America,Central America
El Salvador,Latin America and the Caribbean,Argentina,Latin America and the Caribbean,182,169,156,116,73,73,74,88,82,77,57,37,37,39,94,87,79,59,36,36,35,South America,Central America
El Salvador,Latin America and the Caribbean,Dominican Republic,Latin America and the Caribbean,366,407,447,351,255,267,278,191,208,224,172,121,127,132,175,199,223,179,134,140,146,Caribbean,Central America
El Salvador,Latin America and the Caribbean,Ecuador,Latin America and the Caribbean,174,196,217,260,413,522,544,82,93,103,127,195,246,289,92,103,114,133,218,276,255,South America,Central America
El Salvador,Latin America and the Caribbean,Costa Rica,Latin America and the Caribbean,56257,26046,8857,6451,13701,13900,16682,27798,12961,4065,2886,6118,6160,7856,28459,13085,4792,3565,7583,7740,8826,Central America,Central America
El Salvador,Latin America and the Caribbean,Brazil,Latin America and the Caribbean,405,443,481,356,227,267,289,335,332,330,250,166,196,214,70,111,151,106,61,71,75,South America,Central America
El Salvador,Latin America and the Caribbean,Panama,Latin America and the Caribbean,2396,2146,2032,2173,2756,3225,4147,1283,1127,1036,1084,1374,1602,2157,1113,1019,996,1089,1382,1623,1990,Central America,Central America
El Salvador,Latin America and the Caribbean,Mexico,Latin America and the Caribbean,301106,4931,5786,6925,8866,10427,16807,150796,2279,2691,3269,4231,5239,8463,150310,2652,3095,3656,4635,5188,8344,Central America,Central America
El Salvador,Latin America and the Caribbean,Bolivia,Latin America and the Caribbean,57,82,107,108,109,128,140,23,38,53,50,48,56,62,34,44,54,58,61,72,78,South America,Central America
El Salvador,Latin America and the Caribbean,Puerto Rico,Latin America and the Caribbean,519,504,492,970,1327,846,130,246,239,233,458,622,395,61,273,265,259,512,705,451,69,Caribbean,Central America
El Salvador,Latin America and the Caribbean,Bahamas,Latin America and the Caribbean,5,4,4,36,67,73,77,0,1,0,31,62,68,73,5,3,4,5,5,5,4,Caribbean,Central America
El Salvador,Latin America and the Caribbean,Belize,Latin America and the Caribbean,6691,6661,6631,7059,7486,8828,10016,3702,3568,3434,3638,3859,4525,5134,2989,3093,3197,3421,3627,4303,4882,South America,Central America
El Salvador,Latin America and the Caribbean,Guatemala,Latin America and the Caribbean,236655,124346,12037,14364,16691,18301,20683,104058,54107,4156,3877,3599,4249,4665,132597,70239,7881,10487,13092,14052,16018,Central America,Central America
El Salvador,Latin America and the Caribbean,Nicaragua,Latin America and the Caribbean,12443,2136,2102,2121,2267,2444,2557,6324,1200,1161,1144,1230,1332,1393,6119,936,941,977,1037,1112,1164,Central America,Central America
El Salvador,Latin America and the Caribbean,Honduras,Latin America and the Caribbean,114810,60692,6574,6439,6303,8853,9071,55397,29173,2949,2931,2913,4101,4200,59413,31519,3625,3508,3390,4752,4871,Central America,Central America
El Salvador,Latin America and the Caribbean,Jamaica,Latin America and the Caribbean,130,137,143,139,135,132,133,55,58,61,60,59,58,59,75,79,82,79,76,74,74,Caribbean,Central America
Honduras,Latin America and the Caribbean,Colombia,Latin America and the Caribbean,265,276,286,280,384,523,690,126,134,141,141,187,247,319,139,142,145,139,197,276,371,South America,Central America
Honduras,Latin America and the Caribbean,Peru,Latin America and the Caribbean,102,103,121,142,158,168,311,40,39,46,54,60,67,125,62,64,75,88,98,101,186,South America,Central America
Honduras,Latin America and the Caribbean,Venezuela,Latin America and the Caribbean,437,369,309,299,293,294,275,193,153,118,124,131,130,120,244,216,191,175,162,164,155,South America,Central America
Honduras,Latin America and the Caribbean,Argentina,Latin America and the Caribbean,141,140,139,104,66,66,66,68,66,65,49,32,32,33,73,74,74,55,34,34,33,South America,Central America
Honduras,Latin America and the Caribbean,Dominican Republic,Latin America and the Caribbean,433,481,529,467,404,424,442,226,245,265,230,194,204,213,207,236,264,237,210,220,229,Caribbean,Central America
Honduras,Latin America and the Caribbean,Ecuador,Latin America and the Caribbean,157,176,195,234,372,469,489,71,79,88,108,167,209,248,86,97,107,126,205,260,241,South America,Central America
Honduras,Latin America and the Caribbean,Costa Rica,Latin America and the Caribbean,2608,2241,2994,1963,3869,3924,4708,1156,1005,1306,842,1665,1676,2145,1452,1236,1688,1121,2204,2248,2563,Central America,Central America
Honduras,Latin America and the Caribbean,Brazil,Latin America and the Caribbean,280,208,136,131,126,148,160,208,156,105,90,75,88,98,72,52,31,41,51,60,62,South America,Central America
Honduras,Latin America and the Caribbean,Panama,Latin America and the Caribbean,638,715,838,963,1284,1504,1797,292,331,388,449,612,715,889,346,384,450,514,672,789,908,Central America,Central America
Honduras,Latin America and the Caribbean,Mexico,Latin America and the Caribbean,1990,3031,4203,6704,9982,14623,38764,955,1290,1689,2969,4600,6500,17273,1035,1741,2514,3735,5382,8123,21491,Central America,Central America
Honduras,Latin America and the Caribbean,Bolivia,Latin America and the Caribbean,232,216,197,198,198,232,257,110,102,92,96,99,116,130,122,114,105,102,99,116,127,South America,Central America
Honduras,Latin America and the Caribbean,Puerto Rico,Latin America and the Caribbean,435,446,460,338,174,408,531,206,212,219,161,82,190,247,229,234,241,177,92,218,284,Caribbean,Central America
Honduras,Latin America and the Caribbean,Bahamas,Latin America and the Caribbean,7,10,13,27,40,43,44,5,5,6,19,32,34,36,2,5,7,8,8,9,8,Caribbean,Central America
Honduras,Latin America and the Caribbean,Belize,Latin America and the Caribbean,2764,4100,5436,6375,7313,8624,9784,1521,2140,2760,3219,3693,4329,4912,1243,1960,2676,3156,3620,4295,4872,South America,Central America
Honduras,Latin America and the Caribbean,Guatemala,Latin America and the Caribbean,4768,5032,5295,6294,7292,7995,9023,990,1492,1993,2636,3279,3688,4123,3778,3540,3302,3658,4013,4307,4900,Central America,Central America
Honduras,Latin America and the Caribbean,Nicaragua,Latin America and the Caribbean,10105,9473,10017,10745,11534,12439,13110,4953,4607,4840,5189,5598,6071,6354,5152,4866,5177,5556,5936,6368,6756,Central America,Central America
Honduras,Latin America and the Caribbean,El Salvador,Latin America and the Caribbean,15774,12650,9525,10362,11198,11676,11878,6905,5450,3994,4283,4571,4775,4861,8869,7200,5531,6079,6627,6901,7017,Central America,Central America
Honduras,Latin America and the Caribbean,Cayman Islands,Latin America and the Caribbean,747,678,777,1176,1682,1833,2046,357,325,373,477,623,677,761,390,353,404,699,1059,1156,1285,Caribbean,Central America
Honduras,Latin America and the Caribbean,Antigua and Barbuda,Latin America and the Caribbean,3,5,6,7,7,7,6,1,2,3,4,4,4,4,2,3,3,3,3,3,2,Caribbean,Central America
Honduras,Latin America and the Caribbean,Jamaica,Latin America and the Caribbean,157,165,173,169,164,160,162,66,70,74,73,71,69,70,91,95,99,96,93,91,92,Caribbean,Central America
Uruguay,Latin America and the Caribbean,Colombia,Latin America and the Caribbean,360,362,364,345,436,544,662,202,210,218,214,279,359,444,158,152,146,131,157,185,218,South America,South America
Uruguay,Latin America and the Caribbean,Peru,Latin America and the Caribbean,389,382,447,525,587,623,1384,223,216,253,299,334,361,817,166,166,194,226,253,262,567,South America,South America
Uruguay,Latin America and the Caribbean,Venezuela,Latin America and the Caribbean,6076,5364,4692,4672,4700,4795,4519,3231,2856,2498,2488,2506,2526,2347,2845,2508,2194,2184,2194,2269,2172,South America,South America
Uruguay,Latin America and the Caribbean,Argentina,Latin America and the Caribbean,136906,125366,113827,114446,115039,132749,134043,66665,61245,55827,55165,54497,62845,63897,70241,64121,58000,59281,60542,69904,70146,South America,South America
Uruguay,Latin America and the Caribbean,Chile,Latin America and the Caribbean,1393,1816,2238,3359,4480,6786,5652,722,947,1161,1768,2376,3725,3101,671,869,1077,1591,2104,3061,2551,South America,South America
Uruguay,Latin America and the Caribbean,Dominican Republic,Latin America and the Caribbean,1625,1805,1985,1082,174,182,189,667,715,763,427,88,93,98,958,1090,1222,655,86,89,91,Caribbean,South America
Uruguay,Latin America and the Caribbean,Ecuador,Latin America and the Caribbean,320,359,398,476,758,958,1002,201,225,250,302,475,598,669,119,134,148,174,283,360,333,South America,South America
Uruguay,Latin America and the Caribbean,Costa Rica,Latin America and the Caribbean,252,196,239,158,310,313,374,137,106,125,81,160,161,202,115,90,114,77,150,152,172,Central America,South America
Uruguay,Latin America and the Caribbean,Brazil,Latin America and the Caribbean,23363,24081,24799,24495,23843,28106,30537,12682,12830,12978,12705,12238,14328,15944,10681,11251,11821,11790,11605,13778,14593,South America,South America
Uruguay,Latin America and the Caribbean,Panama,Latin America and the Caribbean,147,199,264,415,650,762,914,84,115,152,240,381,446,548,63,84,112,175,269,316,366,Central America,South America
Uruguay,Latin America and the Caribbean,Paraguay,Latin America and the Caribbean,3293,3303,3303,3146,2997,2925,3168,1840,1869,1883,1794,1707,1665,1807,1453,1434,1420,1352,1290,1260,1361,South America,South America
Uruguay,Latin America and the Caribbean,Mexico,Latin America and the Caribbean,1113,1506,1966,2050,2372,3163,3469,594,768,980,1065,1275,1255,1400,519,738,986,985,1097,1908,2069,Central America,South America
Uruguay,Latin America and the Caribbean,Bolivia,Latin America and the Caribbean,402,430,453,445,437,510,565,211,231,248,253,258,301,333,191,199,205,192,179,209,232,South America,South America
Uruguay,Latin America and the Caribbean,Bahamas,Latin America and the Caribbean,2,2,2,9,16,17,17,0,0,0,4,9,9,10,2,2,2,5,7,8,7,Caribbean,South America
Uruguay,Latin America and the Caribbean,Guatemala,Latin America and the Caribbean,95,92,89,106,122,134,149,46,49,53,66,79,87,97,49,43,36,40,43,47,52,Central America,South America
Uruguay,Latin America and the Caribbean,Nicaragua,Latin America and the Caribbean,11,9,21,34,36,38,38,5,4,9,13,14,15,15,6,5,12,21,22,23,23,Central America,South America
Uruguay,Latin America and the Caribbean,El Salvador,Latin America and the Caribbean,120,94,67,70,72,75,76,75,59,43,46,48,50,51,45,35,24,24,24,25,25,Central America,South America
Uruguay,Latin America and the Caribbean,Honduras,Latin America and the Caribbean,51,51,50,49,48,66,67,33,32,31,30,30,42,43,18,19,19,19,18,24,24,Central America,South America
Uruguay,Latin America and the Caribbean,Haiti,Latin America and the Caribbean,286,271,257,244,256,268,279,112,106,101,96,101,106,111,174,165,156,148,155,162,168,Caribbean,South America
Colombia,Latin America and the Caribbean,Peru,Latin America and the Caribbean,3702,3706,4331,5087,6454,7599,14182,1746,1724,2002,2396,3194,3948,7399,1956,1982,2329,2691,3260,3651,6783,South America,South America
Colombia,Latin America and the Caribbean,Venezuela,Latin America and the Caribbean,555578,588323,617257,672292,929944,973315,917753,259738,278046,294429,318105,447146,469595,435251,295840,310277,322828,354187,482798,503720,482502,South America,South America
Colombia,Latin America and the Caribbean,Argentina,Latin America and the Caribbean,2702,3162,3622,2673,1722,8640,8723,1195,1459,1724,1294,864,4333,4403,1507,1703,1898,1379,858,4307,4320,South America,South America
Colombia,Latin America and the Caribbean,Chile,Latin America and the Caribbean,1554,2734,3913,9159,14401,73601,173487,688,1231,1750,4192,6632,35152,79942,866,1503,2163,4967,7769,38449,93545,South America,South America
Colombia,Latin America and the Caribbean,Dominican Republic,Latin America and the Caribbean,4697,5217,5737,4586,3432,2838,2962,2450,2661,2872,2306,1739,1446,1507,2247,2556,2865,2280,1693,1392,1455,Caribbean,South America
Colombia,Latin America and the Caribbean,Ecuador,Latin America and the Caribbean,40238,55897,71556,94258,221534,194721,203470,18406,26355,34305,45192,111222,97851,113685,21832,29542,37251,49066,110312,96870,89785,South America,South America
Colombia,Latin America and the Caribbean,Costa Rica,Latin America and the Caribbean,4372,4147,5995,7708,20965,21270,25530,2160,2081,2958,3772,10336,10421,13157,2212,2066,3037,3936,10629,10849,12373,Central America,South America
Colombia,Latin America and the Caribbean,Brazil,Latin America and the Caribbean,2223,3196,4169,5520,6793,8008,8700,1097,1695,2294,2879,3419,4002,4458,1126,1501,1875,2641,3374,4006,4242,South America,South America
Colombia,Latin America and the Caribbean,Panama,Latin America and the Caribbean,13968,17179,21473,31157,47190,55251,50702,6902,8492,10565,14539,21801,25446,22699,7066,8687,10908,16618,25389,29805,28003,Central America,South America
Colombia,Latin America and the Caribbean,Mexico,Latin America and the Caribbean,4660,5530,6639,9406,13262,18461,20253,2272,2576,3007,4103,5684,7799,8698,2388,2954,3632,5303,7578,10662,11555,Central America,South America
Colombia,Latin America and the Caribbean,Bolivia,Latin America and the Caribbean,651,1002,1342,1946,2546,2965,3301,272,480,682,1082,1480,1723,1918,379,522,660,864,1066,1242,1383,South America,South America
Colombia,Latin America and the Caribbean,Puerto Rico,Latin America and the Caribbean,3399,3601,3813,4482,4589,3788,4039,1610,1707,1809,2120,2151,1767,1877,1789,1894,2004,2362,2438,2021,2162,Caribbean,South America
Colombia,Latin America and the Caribbean,Bahamas,Latin America and the Caribbean,28,30,33,106,178,193,205,8,13,19,63,106,114,122,20,17,14,43,72,79,83,Caribbean,South America
Colombia,Latin America and the Caribbean,Guatemala,Latin America and the Caribbean,490,610,730,868,1005,1102,1242,152,245,339,438,537,599,671,338,365,391,430,468,503,571,Central America,South America
Colombia,Latin America and the Caribbean,Aruba,Latin America and the Caribbean,1849,4446,7043,8243,9280,9762,10926,678,1744,2811,3127,3581,3756,4061,1171,2702,4232,5116,5699,6006,6865,Caribbean,South America
Colombia,Latin America and the Caribbean,Cura√ßao,Latin America and the Caribbean,0,0,0,0,4415,4797,5058,0,0,0,0,1513,1650,1737,0,0,0,0,2902,3147,3321,Caribbean,South America
Colombia,Latin America and the Caribbean,Nicaragua,Latin America and the Caribbean,298,237,309,389,415,447,467,143,113,161,211,226,245,256,155,124,148,178,189,202,211,Central America,South America
Colombia,Latin America and the Caribbean,El Salvador,Latin America and the Caribbean,386,375,363,458,553,577,585,161,165,169,219,270,282,285,225,210,194,239,283,295,300,Central America,South America
Colombia,Latin America and the Caribbean,Cayman Islands,Latin America and the Caribbean,72,136,235,296,385,419,467,46,86,149,157,180,197,221,26,50,86,139,205,222,246,Caribbean,South America
Colombia,Latin America and the Caribbean,Honduras,Latin America and the Caribbean,409,527,644,631,618,868,886,237,296,355,351,348,491,501,172,231,289,280,270,377,385,Central America,South America
Colombia,Latin America and the Caribbean,Sint Maarten (Dutch part),Latin America and the Caribbean,0,0,0,100,200,208,218,0,0,0,41,82,85,90,0,0,0,59,118,123,128,Caribbean,South America
Colombia,Latin America and the Caribbean,Haiti,Latin America and the Caribbean,828,786,746,708,743,780,815,421,400,380,361,379,398,417,407,386,366,347,364,382,398,Caribbean,South America
Colombia,Latin America and the Caribbean,Cuba,Latin America and the Caribbean,353,268,173,132,95,65,42,176,128,76,59,44,30,19,177,140,97,73,51,35,23,Caribbean,South America
Colombia,Latin America and the Caribbean,"Bonaire, Sint Eustatius and Saba",Latin America and the Caribbean,0,0,0,0,0,0,0,0,0,0,0,0,0,0,0,0,0,0,0,0,0,Caribbean,South America
Paraguay,Latin America and the Caribbean,Peru,Latin America and the Caribbean,339,340,398,468,523,555,1034,154,152,179,213,236,258,484,185,188,219,255,287,297,550,South America,South America
Paraguay,Latin America and the Caribbean,Venezuela,Latin America and the Caribbean,359,294,239,226,217,214,200,175,142,113,109,107,104,96,184,152,126,117,110,110,104,South America,South America
Paraguay,Latin America and the Caribbean,Argentina,Latin America and the Caribbean,257243,286164,315086,451818,588452,679044,685714,112781,124821,136863,199451,262021,302136,307457,144462,161343,178223,252367,326431,376908,378257,South America,South America
Paraguay,Latin America and the Caribbean,Chile,Latin America and the Caribbean,641,919,1198,1798,2398,3632,6045,290,441,571,873,1174,1843,2292,351,478,627,925,1224,1789,3753,South America,South America
Paraguay,Latin America and the Caribbean,Dominican Republic,Latin America and the Caribbean,61,68,75,50,25,25,25,41,45,49,31,13,14,14,20,23,26,19,12,11,11,Caribbean,South America
Paraguay,Latin America and the Caribbean,Ecuador,Latin America and the Caribbean,81,91,101,121,192,242,252,43,48,54,66,102,128,147,38,43,47,55,90,114,105,South America,South America
Paraguay,Latin America and the Caribbean,Costa Rica,Latin America and the Caribbean,58,48,63,42,83,83,99,20,16,19,12,25,25,34,38,32,44,30,58,58,65,Central America,South America
Paraguay,Latin America and the Caribbean,Brazil,Latin America and the Caribbean,21394,25143,28891,34146,38916,45874,49842,10075,11813,13551,15867,17935,20766,23247,11319,13330,15340,18279,20981,25108,26595,South America,South America
Paraguay,Latin America and the Caribbean,Panama,Latin America and the Caribbean,38,35,35,63,104,122,145,14,13,13,24,40,48,60,24,22,22,39,64,74,85,Central America,South America
Paraguay,Latin America and the Caribbean,Mexico,Latin America and the Caribbean,290,302,329,395,507,529,579,198,170,151,173,215,222,248,92,132,178,222,292,307,331,Central America,South America
Paraguay,Latin America and the Caribbean,Bolivia,Latin America and the Caribbean,1173,2216,3236,3462,3681,4286,4772,593,1142,1678,1788,1895,2206,2454,580,1074,1558,1674,1786,2080,2318,South America,South America
Paraguay,Latin America and the Caribbean,Uruguay,Latin America and the Caribbean,1241,1199,1160,1074,995,1027,1225,1031,793,375,348,316,326,409,210,406,785,726,679,701,816,South America,South America
Paraguay,Latin America and the Caribbean,Guatemala,Latin America and the Caribbean,72,55,38,45,51,57,62,35,27,20,23,26,30,34,37,28,18,22,25,27,28,Central America,South America
Paraguay,Latin America and the Caribbean,El Salvador,Latin America and the Caribbean,36,26,15,13,11,11,11,18,13,8,7,7,7,7,18,13,7,6,4,4,4,Central America,South America
Paraguay,Latin America and the Caribbean,Honduras,Latin America and the Caribbean,27,27,26,26,25,35,35,16,16,15,15,15,22,22,11,11,11,11,10,13,13,Central America,South America
Nicaragua,Latin America and the Caribbean,Peru,Latin America and the Caribbean,99,100,117,138,154,164,303,39,39,41,55,62,69,128,60,61,76,83,92,95,175,South America,Central America
Nicaragua,Latin America and the Caribbean,Venezuela,Latin America and the Caribbean,2526,2193,1934,1953,1992,2045,1927,1154,994,867,882,907,915,846,1372,1199,1067,1071,1085,1130,1081,South America,Central America
Nicaragua,Latin America and the Caribbean,Argentina,Latin America and the Caribbean,145,167,190,142,91,91,91,77,85,94,71,48,48,49,68,82,96,71,43,43,42,South America,Central America
Nicaragua,Latin America and the Caribbean,Dominican Republic,Latin America and the Caribbean,415,461,507,393,279,292,303,208,224,241,181,121,127,131,207,237,266,212,158,165,172,Caribbean,Central America
Nicaragua,Latin America and the Caribbean,Ecuador,Latin America and the Caribbean,131,147,163,195,311,392,408,67,75,83,101,158,198,229,64,72,80,94,153,194,179,South America,Central America
Nicaragua,Latin America and the Caribbean,Costa Rica,Latin America and the Caribbean,99153,131695,230085,268157,288033,292232,350854,50095,67061,114900,131268,136245,137289,174075,49058,64634,115185,136889,151788,154943,176779,Central America,Central America
Nicaragua,Latin America and the Caribbean,Brazil,Latin America and the Caribbean,329,415,501,436,365,429,465,200,266,332,264,192,224,249,129,149,169,172,173,205,216,South America,Central America
Nicaragua,Latin America and the Caribbean,Panama,Latin America and the Caribbean,4553,4593,4923,7240,11032,12915,15517,2116,2061,2121,3007,4588,5351,6758,2437,2532,2802,4233,6444,7564,8759,Central America,Central America
Nicaragua,Latin America and the Caribbean,Mexico,Latin America and the Caribbean,3096,3324,3696,3435,3573,3924,4303,1596,1567,1615,1546,1661,1807,2009,1500,1757,2081,1889,1912,2117,2294,Central America,Central America
Nicaragua,Latin America and the Caribbean,Bolivia,Latin America and the Caribbean,66,76,85,90,95,112,123,29,34,39,40,42,49,55,37,42,46,50,53,63,68,South America,Central America
Nicaragua,Latin America and the Caribbean,Puerto Rico,Latin America and the Caribbean,460,483,509,399,239,234,101,218,229,242,190,112,110,48,242,254,267,209,127,124,53,Caribbean,Central America
Nicaragua,Latin America and the Caribbean,Bahamas,Latin America and the Caribbean,9,8,7,8,9,10,9,4,4,4,4,5,6,6,5,4,3,4,4,4,3,Caribbean,Central America
Nicaragua,Latin America and the Caribbean,Guatemala,Latin America and the Caribbean,3726,4565,5404,6424,7443,8161,9211,1101,1783,2465,3203,3941,4402,4936,2625,2782,2939,3221,3502,3759,4275,Central America,Central America
Nicaragua,Latin America and the Caribbean,Aruba,Latin America and the Caribbean,19,48,77,90,103,107,119,9,22,36,42,48,49,54,10,26,41,48,55,58,65,Caribbean,Central America
Nicaragua,Latin America and the Caribbean,El Salvador,Latin America and the Caribbean,3893,4219,4545,6024,7502,7823,7956,1772,2043,2315,3142,3969,4144,4216,2121,2176,2230,2882,3533,3679,3740,Central America,Central America
Nicaragua,Latin America and the Caribbean,Cayman Islands,Latin America and the Caribbean,238,448,770,543,364,396,440,105,197,338,233,148,161,180,133,251,432,310,216,235,260,Caribbean,Central America
Nicaragua,Latin America and the Caribbean,Honduras,Latin America and the Caribbean,142802,74273,5768,5649,5530,7767,7943,74798,38819,2841,2817,2793,3931,4020,68004,35454,2927,2832,2737,3836,3923,Central America,Central America
Nicaragua,Latin America and the Caribbean,Jamaica,Latin America and the Caribbean,121,128,134,130,126,123,124,51,55,58,56,55,54,55,70,73,76,74,71,69,69,Caribbean,Central America
Nicaragua,Latin America and the Caribbean,Cuba,Latin America and the Caribbean,595,451,294,223,160,109,71,227,160,91,73,57,40,25,368,291,203,150,103,69,46,Caribbean,Central America
Puerto Rico,Latin America and the Caribbean,Peru,Latin America and the Caribbean,84,85,100,118,131,139,257,39,39,46,54,59,65,122,45,46,54,64,72,74,135,South America,Caribbean
Puerto Rico,Latin America and the Caribbean,Venezuela,Latin America and the Caribbean,912,701,534,480,437,419,393,418,327,253,225,203,191,176,494,374,281,255,234,228,217,South America,Caribbean
Puerto Rico,Latin America and the Caribbean,Argentina,Latin America and the Caribbean,210,184,159,118,75,75,76,106,86,68,51,34,34,36,104,98,91,67,41,41,40,South America,Caribbean
Puerto Rico,Latin America and the Caribbean,Dominican Republic,Latin America and the Caribbean,8767,9738,10708,8253,5789,4578,4780,4118,4449,4780,3952,3121,2552,2662,4649,5289,5928,4301,2668,2026,2118,Caribbean,Caribbean
Puerto Rico,Latin America and the Caribbean,Ecuador,Latin America and the Caribbean,167,188,208,249,396,500,523,86,97,107,130,202,254,296,81,91,101,119,194,246,227,South America,Caribbean
Puerto Rico,Latin America and the Caribbean,Costa Rica,Latin America and the Caribbean,268,216,272,179,352,356,426,151,128,166,108,213,216,267,117,88,106,71,139,140,159,Central America,Caribbean
Puerto Rico,Latin America and the Caribbean,Panama,Latin America and the Caribbean,253,285,335,432,616,721,865,157,179,210,274,396,463,567,96,106,125,158,220,258,298,Central America,Caribbean
Puerto Rico,Latin America and the Caribbean,Mexico,Latin America and the Caribbean,1287,1888,2572,1847,1336,1120,1227,629,873,1161,883,709,650,720,658,1015,1411,964,627,470,507,Central America,Caribbean
Puerto Rico,Latin America and the Caribbean,Bolivia,Latin America and the Caribbean,33,37,41,37,33,39,41,20,22,24,20,17,19,21,13,15,17,17,16,20,20,South America,Caribbean
Puerto Rico,Latin America and the Caribbean,Guatemala,Latin America and the Caribbean,69,67,65,77,88,97,107,25,29,33,42,51,57,63,44,38,32,35,37,40,44,Central America,Caribbean
Puerto Rico,Latin America and the Caribbean,Cura√ßao,Latin America and the Caribbean,0,0,0,0,15,15,17,0,0,0,0,3,4,6,0,0,0,0,12,11,11,Caribbean,Caribbean
Puerto Rico,Latin America and the Caribbean,Nicaragua,Latin America and the Caribbean,54,43,46,51,54,58,59,24,19,23,27,29,32,33,30,24,23,24,25,26,26,Central America,Caribbean
Puerto Rico,Latin America and the Caribbean,El Salvador,Latin America and the Caribbean,109,84,58,59,59,62,62,55,43,31,32,33,35,35,54,41,27,27,26,27,27,Central America,Caribbean
Puerto Rico,Latin America and the Caribbean,Cayman Islands,Latin America and the Caribbean,14,28,49,44,45,48,53,7,13,22,20,20,22,26,7,15,27,24,25,26,27,Caribbean,Caribbean
Puerto Rico,Latin America and the Caribbean,Honduras,Latin America and the Caribbean,98,97,96,94,92,129,131,62,60,58,57,57,80,82,36,37,38,37,35,49,49,Central America,Caribbean
Puerto Rico,Latin America and the Caribbean,United States Virgin Islands,Latin America and the Caribbean,3974,4141,4316,4190,4065,4067,4067,1971,2054,2140,2089,2037,2037,2038,2003,2087,2176,2101,2028,2030,2029,Caribbean,Caribbean
Puerto Rico,Latin America and the Caribbean,Antigua and Barbuda,Latin America and the Caribbean,30,37,44,47,50,53,54,14,18,22,23,25,26,27,16,19,22,24,25,27,27,Caribbean,Caribbean
Puerto Rico,Latin America and the Caribbean,Sint Maarten (Dutch part),Latin America and the Caribbean,0,0,0,12,25,26,25,0,0,0,6,12,13,13,0,0,0,6,13,13,12,Caribbean,Caribbean
Puerto Rico,Latin America and the Caribbean,British Virgin Islands,Latin America and the Caribbean,32,38,44,51,469,536,608,16,19,22,26,239,271,308,16,19,22,25,230,265,300,Caribbean,Caribbean
Puerto Rico,Latin America and the Caribbean,Dominica,Latin America and the Caribbean,6,8,10,12,14,16,15,5,7,9,11,13,15,15,1,1,1,1,1,1,0,Caribbean,Caribbean
Puerto Rico,Latin America and the Caribbean,Haiti,Latin America and the Caribbean,1546,1468,1394,1324,1390,1459,1526,703,668,635,603,633,665,696,843,800,759,721,757,794,830,Caribbean,Caribbean
Puerto Rico,Latin America and the Caribbean,Saint Lucia,Latin America and the Caribbean,7,9,13,11,9,8,6,5,7,10,9,7,7,6,2,2,3,2,2,1,0,Caribbean,Caribbean
Puerto Rico,Latin America and the Caribbean,Cuba,Latin America and the Caribbean,272,206,155,84,44,21,10,127,91,63,33,16,7,3,145,115,92,51,28,14,7,Caribbean,Caribbean
Puerto Rico,Latin America and the Caribbean,"Bonaire, Sint Eustatius and Saba",Latin America and the Caribbean,0,0,0,0,0,0,0,0,0,0,0,0,0,0,0,0,0,0,0,0,0,Caribbean,Caribbean
Haiti,Latin America and the Caribbean,Peru,Latin America and the Caribbean,29,30,36,43,47,49,89,12,12,14,17,18,19,35,17,18,22,26,29,30,54,South America,Caribbean
Haiti,Latin America and the Caribbean,Venezuela,Latin America and the Caribbean,2013,1824,1689,1750,1831,1900,1790,1135,1035,963,996,1041,1069,996,878,789,726,754,790,831,794,South America,Caribbean
Haiti,Latin America and the Caribbean,Argentina,Latin America and the Caribbean,75,80,86,65,41,41,40,66,62,60,45,30,30,29,9,18,26,20,11,11,11,South America,Caribbean
Haiti,Latin America and the Caribbean,Chile,Latin America and the Caribbean,36,40,45,67,90,39825,236912,24,23,25,38,51,23322,149600,12,17,20,29,39,16503,87312,South America,Caribbean
Haiti,Latin America and the Caribbean,Dominican Republic,Latin America and the Caribbean,187210,207931,228652,270852,313363,475084,496112,122793,134652,146511,170260,194191,310466,323796,64417,73279,82141,100592,119172,164618,172316,Caribbean,Caribbean
Haiti,Latin America and the Caribbean,Ecuador,Latin America and the Caribbean,32,36,40,48,76,96,100,22,25,28,34,54,69,76,10,11,12,14,22,27,24,South America,Caribbean
Haiti,Latin America and the Caribbean,Costa Rica,Latin America and the Caribbean,48,41,54,36,71,71,85,32,26,32,20,41,42,52,16,15,22,16,30,29,33,Central America,Caribbean
Haiti,Latin America and the Caribbean,Brazil,Latin America and the Caribbean,254,135,15,35,55,64,32796,119,64,8,13,18,21,11274,135,71,7,22,37,43,21522,South America,Caribbean
Haiti,Latin America and the Caribbean,Panama,Latin America and the Caribbean,122,204,300,346,463,542,651,60,101,148,162,213,248,311,62,103,152,184,250,294,340,Central America,Caribbean
Haiti,Latin America and the Caribbean,Mexico,Latin America and the Caribbean,475,395,334,603,941,570,5787,383,297,225,384,586,296,3010,92,98,109,219,355,274,2777,Central America,Caribbean
Haiti,Latin America and the Caribbean,Bolivia,Latin America and the Caribbean,6,7,7,10,13,16,16,5,4,2,5,9,10,11,1,3,5,5,4,6,5,South America,Caribbean
Haiti,Latin America and the Caribbean,Puerto Rico,Latin America and the Caribbean,295,310,327,299,235,160,129,140,147,155,142,110,74,60,155,163,172,157,125,86,69,Caribbean,Caribbean
Haiti,Latin America and the Caribbean,Bahamas,Latin America and the Caribbean,10894,15759,20628,23047,25465,27591,29629,6814,9370,11930,13224,14517,15643,16762,4080,6389,8698,9823,10948,11948,12867,Caribbean,Caribbean
Haiti,Latin America and the Caribbean,Belize,Latin America and the Caribbean,35,37,38,42,46,54,60,19,20,20,22,25,30,35,16,17,18,20,21,24,25,South America,Caribbean
Haiti,Latin America and the Caribbean,French Guiana,Latin America and the Caribbean,9605,11381,13157,14450,15743,19651,22084,5126,5815,6505,6582,6660,8360,9395,4479,5566,6652,7868,9083,11291,12689,South America,Caribbean
Haiti,Latin America and the Caribbean,Guatemala,Latin America and the Caribbean,26,18,10,11,12,14,13,7,6,5,6,8,9,9,19,12,5,5,4,5,4,Central America,Caribbean
Haiti,Latin America and the Caribbean,Aruba,Latin America and the Caribbean,320,660,1000,1288,1552,1632,1824,38,178,319,446,566,595,641,282,482,681,842,986,1037,1183,Caribbean,Caribbean
Haiti,Latin America and the Caribbean,Cura√ßao,Latin America and the Caribbean,0,0,0,0,1812,1968,2295,0,0,0,0,992,1080,1284,0,0,0,0,820,888,1011,Caribbean,Caribbean
Haiti,Latin America and the Caribbean,Turks and Caicos Islands,Latin America and the Caribbean,2430,3567,5127,5652,9756,13928,15787,1258,1813,2564,2817,4878,6965,7896,1172,1754,2563,2835,4878,6963,7891,Caribbean,Caribbean
Haiti,Latin America and the Caribbean,Guadeloupe,Latin America and the Caribbean,12028,10272,8515,11623,14731,14113,13973,6776,5528,4280,5600,6920,6273,6139,5252,4744,4235,6023,7811,7840,7834,Caribbean,Caribbean
Haiti,Latin America and the Caribbean,Nicaragua,Latin America and the Caribbean,25,20,20,21,22,23,23,19,15,13,10,11,12,13,6,5,7,11,11,11,10,Central America,Caribbean
Haiti,Latin America and the Caribbean,Cayman Islands,Latin America and the Caribbean,5,11,19,18,18,18,19,4,7,12,12,11,12,13,1,4,7,6,7,6,6,Caribbean,Caribbean
Haiti,Latin America and the Caribbean,Honduras,Latin America and the Caribbean,34,34,33,32,31,43,43,29,29,28,27,27,38,38,5,5,5,5,4,5,5,Central America,Caribbean
Haiti,Latin America and the Caribbean,United States Virgin Islands,Latin America and the Caribbean,188,346,506,574,644,644,643,90,164,239,273,308,308,308,98,182,267,301,336,336,335,Caribbean,Caribbean
Haiti,Latin America and the Caribbean,Antigua and Barbuda,Latin America and the Caribbean,11,19,27,29,31,33,33,5,9,13,14,15,16,17,6,10,14,15,16,17,16,Caribbean,Caribbean
Haiti,Latin America and the Caribbean,Barbados,Latin America and the Caribbean,0,0,0,24,32,33,32,0,0,0,8,10,10,10,0,0,0,16,22,23,22,Caribbean,Caribbean
Haiti,Latin America and the Caribbean,Martinique,Latin America and the Caribbean,1109,1335,1562,1634,1707,1982,1966,631,805,979,1009,1039,1184,1175,478,530,583,625,668,798,791,Caribbean,Caribbean
Haiti,Latin America and the Caribbean,Sint Maarten (Dutch part),Latin America and the Caribbean,0,0,0,1317,2635,2746,2901,0,0,0,759,1518,1581,1671,0,0,0,558,1117,1165,1230,Caribbean,Caribbean
Haiti,Latin America and the Caribbean,Dominica,Latin America and the Caribbean,561,732,873,1071,3071,2453,2537,274,357,432,525,1536,1227,1252,287,375,441,546,1535,1226,1285,Caribbean,Caribbean
Haiti,Latin America and the Caribbean,Saint Lucia,Latin America and the Caribbean,15,15,28,28,26,24,22,8,8,15,15,14,13,13,7,7,13,13,12,11,9,Caribbean,Caribbean
Haiti,Latin America and the Caribbean,Cuba,Latin America and the Caribbean,2063,1564,1226,607,284,126,54,1478,1102,837,392,164,68,29,585,462,389,215,120,58,25,Caribbean,Caribbean
Haiti,Latin America and the Caribbean,"Bonaire, Sint Eustatius and Saba",Latin America and the Caribbean,0,0,0,0,0,0,0,0,0,0,0,0,0,0,0,0,0,0,0,0,0,Caribbean,Caribbean
French Guiana,Latin America and the Caribbean,Peru,Latin America and the Caribbean,20,21,25,30,33,34,61,9,9,11,13,15,15,28,11,12,14,17,18,19,33,South America,South America
French Guiana,Latin America and the Caribbean,Venezuela,Latin America and the Caribbean,26,25,25,26,28,30,27,11,11,11,12,12,13,12,15,14,14,14,16,17,15,South America,South America
French Guiana,Latin America and the Caribbean,Costa Rica,Latin America and the Caribbean,6,6,9,7,13,12,14,3,3,4,3,5,5,6,3,3,5,4,8,7,8,Central America,South America
French Guiana,Latin America and the Caribbean,Brazil,Latin America and the Caribbean,742,683,624,667,702,827,896,384,371,359,389,413,484,535,358,312,265,278,289,343,361,South America,South America
French Guiana,Latin America and the Caribbean,Bolivia,Latin America and the Caribbean,0,1,2,2,1,2,1,0,0,1,1,1,2,1,0,1,1,1,0,0,0,South America,South America
French Guiana,Latin America and the Caribbean,Guatemala,Latin America and the Caribbean,13,13,13,15,17,20,20,4,5,6,7,9,11,12,9,8,7,8,8,9,8,Central America,South America
French Guiana,Latin America and the Caribbean,Guadeloupe,Latin America and the Caribbean,732,881,1030,1089,1148,1099,1088,352,399,447,482,518,468,458,380,482,583,607,630,631,630,Caribbean,South America
French Guiana,Latin America and the Caribbean,Antigua and Barbuda,Latin America and the Caribbean,4,4,4,5,5,5,4,2,2,2,3,3,3,3,2,2,2,2,2,2,1,Caribbean,South America
French Guiana,Latin America and the Caribbean,Martinique,Latin America and the Caribbean,1101,1348,1596,1670,1744,2025,2008,409,498,587,588,588,644,639,692,850,1009,1082,1156,1381,1369,Caribbean,South America
French Guiana,Latin America and the Caribbean,Dominica,Latin America and the Caribbean,8,11,13,16,20,23,22,1,2,2,3,5,6,6,7,9,11,13,15,17,16,Caribbean,South America
French Guiana,Latin America and the Caribbean,Saint Lucia,Latin America and the Caribbean,127,171,235,199,149,142,135,46,63,87,72,52,50,48,81,108,148,127,97,92,87,Caribbean,South America
French Guiana,Latin America and the Caribbean,"Bonaire, Sint Eustatius and Saba",Latin America and the Caribbean,0,0,0,0,0,0,0,0,0,0,0,0,0,0,0,0,0,0,0,0,0,Caribbean,South America
Saint Vincent and the Grenadines,Latin America and the Caribbean,Peru,Latin America and the Caribbean,13,14,17,20,21,22,40,4,4,5,6,6,6,13,9,10,12,14,15,16,27,South America,Caribbean
Saint Vincent and the Grenadines,Latin America and the Caribbean,Venezuela,Latin America and the Caribbean,107,105,103,108,115,121,113,65,64,62,65,70,73,68,42,41,41,43,45,48,45,South America,Caribbean
Saint Vincent and the Grenadines,Latin America and the Caribbean,Costa Rica,Latin America and the Caribbean,1,1,1,2,2,1,1,1,1,1,2,2,1,1,0,0,0,0,0,0,0,Central America,Caribbean
Saint Vincent and the Grenadines,Latin America and the Caribbean,Brazil,Latin America and the Caribbean,0,0,0,0,30,35,37,0,0,0,0,0,0,1,0,0,0,0,30,35,36,South America,Caribbean
Saint Vincent and the Grenadines,Latin America and the Caribbean,Bahamas,Latin America and the Caribbean,20,21,22,30,37,40,41,15,14,13,20,27,29,31,5,7,9,10,10,11,10,Caribbean,Caribbean
Saint Vincent and the Grenadines,Latin America and the Caribbean,Trinidad and Tobago,Latin America and the Caribbean,11629,10556,8384,8998,6207,6430,7141,5248,4751,3720,3982,2717,2873,3774,6381,5805,4664,5016,3490,3557,3367,Caribbean,Caribbean
Saint Vincent and the Grenadines,Latin America and the Caribbean,Guyana,Latin America and the Caribbean,103,154,205,260,195,206,216,55,83,112,143,111,118,124,48,71,93,117,84,88,92,South America,Caribbean
Saint Vincent and the Grenadines,Latin America and the Caribbean,Aruba,Latin America and the Caribbean,225,178,131,120,108,113,126,85,63,41,33,25,26,27,140,115,90,87,83,87,99,Caribbean,Caribbean
Saint Vincent and the Grenadines,Latin America and the Caribbean,Cura√ßao,Latin America and the Caribbean,0,0,0,0,269,291,339,0,0,0,0,45,50,66,0,0,0,0,224,241,273,Caribbean,Caribbean
Saint Vincent and the Grenadines,Latin America and the Caribbean,Cayman Islands,Latin America and the Caribbean,9,18,32,29,30,32,34,8,14,24,22,22,25,26,1,4,8,7,8,7,8,Caribbean,Caribbean
Saint Vincent and the Grenadines,Latin America and the Caribbean,United States Virgin Islands,Latin America and the Caribbean,432,485,539,528,518,518,517,216,243,269,265,261,261,261,216,242,270,263,257,257,256,Caribbean,Caribbean
Saint Vincent and the Grenadines,Latin America and the Caribbean,Antigua and Barbuda,Latin America and the Caribbean,478,616,754,809,863,918,959,230,340,451,483,515,548,574,248,276,303,326,348,370,385,Caribbean,Caribbean
Saint Vincent and the Grenadines,Latin America and the Caribbean,Barbados,Latin America and the Caribbean,3676,4014,4350,3648,2964,3114,3148,1528,1707,1886,1535,1192,1252,1267,2148,2307,2464,2113,1772,1862,1881,Caribbean,Caribbean
Saint Vincent and the Grenadines,Latin America and the Caribbean,Sint Maarten (Dutch part),Latin America and the Caribbean,0,0,0,33,67,70,73,0,0,0,17,35,37,39,0,0,0,16,32,33,34,Caribbean,Caribbean
Saint Vincent and the Grenadines,Latin America and the Caribbean,British Virgin Islands,Latin America and the Caribbean,1046,1230,1414,1619,1968,2251,2553,597,689,781,894,1107,1259,1428,449,541,633,725,861,992,1125,Caribbean,Caribbean
Saint Vincent and the Grenadines,Latin America and the Caribbean,Dominica,Latin America and the Caribbean,45,60,72,88,107,125,126,25,34,41,50,60,70,71,20,26,31,38,47,55,55,Caribbean,Caribbean
Saint Vincent and the Grenadines,Latin America and the Caribbean,Jamaica,Latin America and the Caribbean,176,209,242,236,229,224,226,87,102,118,116,113,110,111,89,107,124,120,116,114,115,Caribbean,Caribbean
Saint Vincent and the Grenadines,Latin America and the Caribbean,Grenada,Latin America and the Caribbean,325,333,341,357,373,377,398,161,120,78,83,87,88,82,164,213,263,274,286,289,316,Caribbean,Caribbean
Saint Vincent and the Grenadines,Latin America and the Caribbean,Saint Lucia,Latin America and the Caribbean,182,245,336,345,329,315,314,79,107,148,148,138,132,124,103,138,188,197,191,183,190,Caribbean,Caribbean
Saint Vincent and the Grenadines,Latin America and the Caribbean,Saint Kitts and Nevis,Latin America and the Caribbean,74,97,136,152,166,168,173,36,48,69,78,86,88,91,38,49,67,74,80,80,82,Caribbean,Caribbean
Saint Vincent and the Grenadines,Latin America and the Caribbean,Montserrat,Latin America and the Caribbean,45,35,26,28,28,29,28,30,24,18,19,19,20,20,15,11,8,9,9,9,8,Caribbean,Caribbean
Saint Vincent and the Grenadines,Latin America and the Caribbean,"Bonaire, Sint Eustatius and Saba",Latin America and the Caribbean,0,0,0,0,0,0,0,0,0,0,0,0,0,0,0,0,0,0,0,0,0,Caribbean,Caribbean
Guyana,Latin America and the Caribbean,Venezuela,Latin America and the Caribbean,4601,5577,6698,7511,8510,9149,8624,2280,2693,3141,3627,4230,4483,4157,2321,2884,3557,3884,4280,4666,4467,South America,South America
Guyana,Latin America and the Caribbean,Dominican Republic,Latin America and the Caribbean,45,50,55,39,23,23,23,31,34,37,27,16,17,17,14,16,18,12,7,6,6,Caribbean,South America
Guyana,Latin America and the Caribbean,Costa Rica,Latin America and the Caribbean,20,16,21,15,29,28,33,11,9,12,8,16,16,19,9,7,9,7,13,12,14,Central America,South America
Guyana,Latin America and the Caribbean,Brazil,Latin America and the Caribbean,1093,1350,1607,1756,1881,2217,2407,481,648,816,867,905,1059,1181,612,702,791,889,976,1158,1226,South America,South America
Guyana,Latin America and the Caribbean,Panama,Latin America and the Caribbean,46,38,33,34,42,48,57,32,28,25,20,19,23,29,14,10,8,14,23,25,28,Central America,South America
Guyana,Latin America and the Caribbean,Bolivia,Latin America and the Caribbean,1,4,7,6,4,6,5,0,2,4,4,3,4,4,1,2,3,2,1,2,1,South America,South America
Guyana,Latin America and the Caribbean,Puerto Rico,Latin America and the Caribbean,99,104,110,86,52,50,21,47,50,52,41,25,23,10,52,54,58,45,27,27,11,Caribbean,South America
Guyana,Latin America and the Caribbean,Bahamas,Latin America and the Caribbean,419,550,682,957,1232,1335,1430,213,267,322,431,541,581,623,206,283,360,526,691,754,807,Caribbean,South America
Guyana,Latin America and the Caribbean,French Guiana,Latin America and the Caribbean,2242,2469,2696,2870,3044,3522,3958,1197,1265,1333,1366,1400,1600,1799,1045,1204,1363,1504,1644,1922,2159,South America,South America
Guyana,Latin America and the Caribbean,Trinidad and Tobago,Latin America and the Caribbean,5140,4666,5264,5649,9490,9830,10923,2110,1910,2142,2291,4397,4640,6002,3030,2756,3122,3358,5093,5190,4921,Caribbean,South America
Guyana,Latin America and the Caribbean,Aruba,Latin America and the Caribbean,107,202,297,289,276,289,322,52,104,157,145,131,136,149,55,98,140,144,145,153,173,Caribbean,South America
Guyana,Latin America and the Caribbean,Cura√ßao,Latin America and the Caribbean,0,0,0,0,423,458,533,0,0,0,0,178,194,234,0,0,0,0,245,264,299,Caribbean,South America
Guyana,Latin America and the Caribbean,Guadeloupe,Latin America and the Caribbean,56,91,125,153,181,174,170,31,49,66,74,82,74,72,25,42,59,79,99,100,98,Caribbean,South America
Guyana,Latin America and the Caribbean,Suriname,Latin America and the Caribbean,5114,6317,7802,9548,11264,12232,13557,2760,3420,4224,5201,6143,6678,7452,2354,2897,3578,4347,5121,5554,6105,South America,South America
Guyana,Latin America and the Caribbean,Cayman Islands,Latin America and the Caribbean,60,114,198,241,308,335,373,30,56,97,133,182,199,222,30,58,101,108,126,136,151,Caribbean,South America
Guyana,Latin America and the Caribbean,Antigua and Barbuda,Latin America and the Caribbean,1660,3489,5317,5702,6086,6472,6811,798,1591,2383,2552,2721,2891,3027,862,1898,2934,3150,3365,3581,3784,Caribbean,South America
Guyana,Latin America and the Caribbean,Barbados,Latin America and the Caribbean,2557,2792,3026,4640,6277,6594,6667,1004,1124,1244,2089,2945,3093,3128,1553,1668,1782,2551,3332,3501,3539,Caribbean,South America
Guyana,Latin America and the Caribbean,Sint Maarten (Dutch part),Latin America and the Caribbean,0,0,0,867,1735,1807,1907,0,0,0,423,846,879,928,0,0,0,444,889,928,979,Caribbean,South America
Guyana,Latin America and the Caribbean,British Virgin Islands,Latin America and the Caribbean,841,989,1136,1301,2023,2314,2625,444,511,577,661,1029,1169,1327,397,478,559,640,994,1145,1298,Caribbean,South America
Guyana,Latin America and the Caribbean,Dominica,Latin America and the Caribbean,69,91,108,133,163,190,193,38,50,60,73,90,105,108,31,41,48,60,73,85,85,Caribbean,South America
Guyana,Latin America and the Caribbean,Grenada,Latin America and the Caribbean,324,316,308,322,337,341,365,160,104,47,49,52,53,50,164,212,261,273,285,288,315,Caribbean,South America
Guyana,Latin America and the Caribbean,Saint Lucia,Latin America and the Caribbean,821,1108,1522,1994,2274,2185,2111,342,465,647,873,1018,965,930,479,643,875,1121,1256,1220,1181,Caribbean,South America
Guyana,Latin America and the Caribbean,Saint Vincent and the Grenadines,Latin America and the Caribbean,209,217,226,236,242,246,249,89,93,98,107,112,115,117,120,124,128,129,130,131,132,Caribbean,South America
Guyana,Latin America and the Caribbean,Anguilla,Latin America and the Caribbean,181,233,285,328,357,382,397,108,137,166,192,210,225,234,73,96,119,136,147,157,163,Caribbean,South America
Guyana,Latin America and the Caribbean,Saint Kitts and Nevis,Latin America and the Caribbean,335,443,612,697,756,777,805,172,230,322,368,401,413,429,163,213,290,329,355,364,376,Caribbean,South America
Guyana,Latin America and the Caribbean,Montserrat,Latin America and the Caribbean,359,288,218,224,230,240,244,209,168,127,130,133,139,143,150,120,91,94,97,101,101,Caribbean,South America
Guyana,Latin America and the Caribbean,"Bonaire, Sint Eustatius and Saba",Latin America and the Caribbean,0,0,0,0,0,0,0,0,0,0,0,0,0,0,0,0,0,0,0,0,0,Caribbean,South America
Trinidad and Tobago,Latin America and the Caribbean,Venezuela,Latin America and the Caribbean,3611,3174,2765,2746,2756,2808,2646,1710,1504,1309,1302,1310,1314,1218,1901,1670,1456,1444,1446,1494,1428,South America,Caribbean
Trinidad and Tobago,Latin America and the Caribbean,Argentina,Latin America and the Caribbean,75,73,71,54,34,34,33,48,47,46,35,23,23,22,27,26,25,19,11,11,11,South America,Caribbean
Trinidad and Tobago,Latin America and the Caribbean,Dominican Republic,Latin America and the Caribbean,100,111,122,72,23,23,23,54,58,63,38,13,14,14,46,53,59,34,10,9,9,Caribbean,Caribbean
Trinidad and Tobago,Latin America and the Caribbean,Ecuador,Latin America and the Caribbean,15,17,19,23,36,45,46,6,7,8,9,15,19,23,9,10,11,14,21,26,23,South America,Caribbean
Trinidad and Tobago,Latin America and the Caribbean,Costa Rica,Latin America and the Caribbean,26,21,27,18,35,34,40,11,8,9,5,10,10,13,15,13,18,13,25,24,27,Central America,Caribbean
Trinidad and Tobago,Latin America and the Caribbean,Brazil,Latin America and the Caribbean,0,0,0,0,187,220,238,0,0,0,0,84,98,110,0,0,0,0,103,122,128,South America,Caribbean
Trinidad and Tobago,Latin America and the Caribbean,Panama,Latin America and the Caribbean,64,53,46,67,102,119,141,35,30,26,37,55,65,80,29,23,20,30,47,54,61,Central America,Caribbean
Trinidad and Tobago,Latin America and the Caribbean,Mexico,Latin America and the Caribbean,32,35,41,33,28,28,29,20,22,25,19,14,15,16,12,13,16,14,14,13,13,Central America,Caribbean
Trinidad and Tobago,Latin America and the Caribbean,Bolivia,Latin America and the Caribbean,4,9,14,9,4,6,5,2,3,4,3,2,3,3,2,6,10,6,2,3,2,South America,Caribbean
Trinidad and Tobago,Latin America and the Caribbean,Puerto Rico,Latin America and the Caribbean,337,357,378,295,176,174,75,160,170,179,140,83,81,35,177,187,199,155,93,93,40,Caribbean,Caribbean
Trinidad and Tobago,Latin America and the Caribbean,Bahamas,Latin America and the Caribbean,278,299,321,341,360,390,418,133,144,156,162,167,179,193,145,155,165,179,193,211,225,Caribbean,Caribbean
Trinidad and Tobago,Latin America and the Caribbean,Guyana,Latin America and the Caribbean,189,310,430,591,468,495,519,103,169,235,326,269,285,299,86,141,195,265,199,210,220,South America,Caribbean
Trinidad and Tobago,Latin America and the Caribbean,Cura√ßao,Latin America and the Caribbean,0,0,0,0,90,96,112,0,0,0,0,39,42,51,0,0,0,0,51,54,61,Caribbean,Caribbean
Trinidad and Tobago,Latin America and the Caribbean,Cayman Islands,Latin America and the Caribbean,112,211,363,312,289,314,350,59,112,191,158,137,149,168,53,99,172,154,152,165,182,Caribbean,Caribbean
Trinidad and Tobago,Latin America and the Caribbean,United States Virgin Islands,Latin America and the Caribbean,2475,2300,2130,1943,1758,1759,1758,1167,1085,1004,922,840,841,841,1308,1215,1126,1021,918,918,917,Caribbean,Caribbean
Trinidad and Tobago,Latin America and the Caribbean,Antigua and Barbuda,Latin America and the Caribbean,356,474,591,634,677,720,752,171,229,286,306,327,348,365,185,245,305,328,350,372,387,Caribbean,Caribbean
Trinidad and Tobago,Latin America and the Caribbean,Barbados,Latin America and the Caribbean,1750,1910,2070,1740,1419,1490,1506,673,753,834,675,519,545,551,1077,1157,1236,1065,900,945,955,Caribbean,Caribbean
Trinidad and Tobago,Latin America and the Caribbean,Sint Maarten (Dutch part),Latin America and the Caribbean,0,0,0,100,200,208,218,0,0,0,36,71,74,78,0,0,0,64,129,134,140,Caribbean,Caribbean
Trinidad and Tobago,Latin America and the Caribbean,British Virgin Islands,Latin America and the Caribbean,206,243,279,320,462,528,599,133,155,176,202,292,333,378,73,88,103,118,170,195,221,Caribbean,Caribbean
Trinidad and Tobago,Latin America and the Caribbean,Dominica,Latin America and the Caribbean,111,147,175,215,262,306,312,65,86,103,127,156,183,188,46,61,72,88,106,123,124,Caribbean,Caribbean
Trinidad and Tobago,Latin America and the Caribbean,Jamaica,Latin America and the Caribbean,1775,2126,2476,2413,2349,2299,2343,863,1035,1207,1184,1161,1137,1161,912,1091,1269,1229,1188,1162,1182,Caribbean,Caribbean
Trinidad and Tobago,Latin America and the Caribbean,Grenada,Latin America and the Caribbean,1647,1813,1980,2075,2170,2196,2291,813,731,649,685,720,728,681,834,1082,1331,1390,1450,1468,1610,Caribbean,Caribbean
Trinidad and Tobago,Latin America and the Caribbean,Saint Lucia,Latin America and the Caribbean,325,438,602,598,549,526,504,153,208,289,283,258,247,237,172,230,313,315,291,279,267,Caribbean,Caribbean
Trinidad and Tobago,Latin America and the Caribbean,Saint Vincent and the Grenadines,Latin America and the Caribbean,837,871,907,935,966,976,1011,411,428,447,466,491,500,518,426,443,460,469,475,476,493,Caribbean,Caribbean
Trinidad and Tobago,Latin America and the Caribbean,Saint Kitts and Nevis,Latin America and the Caribbean,115,152,210,239,259,266,275,69,88,119,136,148,153,158,46,64,91,103,111,113,117,Caribbean,Caribbean
Trinidad and Tobago,Latin America and the Caribbean,Montserrat,Latin America and the Caribbean,66,52,39,40,42,43,42,39,31,23,24,26,27,27,27,21,16,16,16,16,15,Caribbean,Caribbean
Trinidad and Tobago,Latin America and the Caribbean,"Bonaire, Sint Eustatius and Saba",Latin America and the Caribbean,0,0,0,0,0,0,0,0,0,0,0,0,0,0,0,0,0,0,0,0,0,Caribbean,Caribbean
Cura√ßao,Latin America and the Caribbean,Venezuela,Latin America and the Caribbean,636,627,615,645,686,718,677,301,297,291,305,326,336,311,335,330,324,340,360,382,366,South America,Caribbean
Cura√ßao,Latin America and the Caribbean,Panama,Latin America and the Caribbean,61,88,122,68,27,31,37,12,17,24,17,13,16,21,49,71,98,51,14,15,16,Central America,Caribbean
Cura√ßao,Latin America and the Caribbean,Bolivia,Latin America and the Caribbean,110,138,275,138,152,168,185,56,71,140,70,78,85,95,54,67,135,68,74,83,90,South America,Caribbean
Cura√ßao,Latin America and the Caribbean,Aruba,Latin America and the Caribbean,438,1095,1751,2063,2335,2455,2745,231,578,925,1090,1234,1297,1424,207,517,826,973,1101,1158,1321,Caribbean,Caribbean
Cura√ßao,Latin America and the Caribbean,Cayman Islands,Latin America and the Caribbean,3,7,13,12,12,12,12,3,7,12,11,10,11,11,0,0,1,1,2,1,1,Caribbean,Caribbean
Cura√ßao,Latin America and the Caribbean,United States Virgin Islands,Latin America and the Caribbean,231,259,288,282,278,278,278,116,130,145,142,140,140,141,115,129,143,140,138,138,137,Caribbean,Caribbean
Cura√ßao,Latin America and the Caribbean,Antigua and Barbuda,Latin America and the Caribbean,10,13,16,17,18,19,18,5,6,7,7,8,8,8,5,7,9,10,10,11,10,Caribbean,Caribbean
Cura√ßao,Latin America and the Caribbean,Sint Maarten (Dutch part),Latin America and the Caribbean,0,0,0,684,1368,1425,1504,0,0,0,348,696,724,765,0,0,0,336,672,701,739,Caribbean,Caribbean
Cura√ßao,Latin America and the Caribbean,Saint Lucia,Latin America and the Caribbean,50,50,94,94,87,83,79,29,25,48,48,43,41,40,21,25,46,46,44,42,39,Caribbean,Caribbean
Cura√ßao,Latin America and the Caribbean,Saint Vincent and the Grenadines,Latin America and the Caribbean,134,139,144,147,150,152,152,63,66,69,72,74,76,78,71,73,75,75,76,76,74,Caribbean,Caribbean
Cura√ßao,Latin America and the Caribbean,"Bonaire, Sint Eustatius and Saba",Latin America and the Caribbean,0,0,0,0,0,0,0,0,0,0,0,0,0,0,0,0,0,0,0,0,0,Caribbean,Caribbean
Aruba,Latin America and the Caribbean,Venezuela,Latin America and the Caribbean,430,424,415,436,463,486,457,179,177,173,182,193,200,184,251,247,242,254,270,286,273,South America,Caribbean
Aruba,Latin America and the Caribbean,Argentina,Latin America and the Caribbean,1,1,1,2,1,1,1,0,0,0,0,0,0,0,1,1,1,2,1,1,1,South America,Caribbean
Aruba,Latin America and the Caribbean,Dominican Republic,Latin America and the Caribbean,330,367,403,278,153,160,167,172,187,202,148,93,98,103,158,180,201,130,60,62,64,Caribbean,Caribbean
Aruba,Latin America and the Caribbean,Costa Rica,Latin America and the Caribbean,29,22,25,17,33,32,38,20,15,17,11,21,21,25,9,7,8,6,12,11,13,Central America,Caribbean
Aruba,Latin America and the Caribbean,Bolivia,Latin America and the Caribbean,0,2,4,3,2,3,2,0,0,0,0,1,1,1,0,2,4,3,1,2,1,South America,Caribbean
Aruba,Latin America and the Caribbean,Cura√ßao,Latin America and the Caribbean,0,0,0,0,1573,1708,1992,0,0,0,0,581,633,769,0,0,0,0,992,1075,1223,Caribbean,Caribbean
Aruba,Latin America and the Caribbean,United States Virgin Islands,Latin America and the Caribbean,417,468,520,510,501,501,500,197,221,245,242,239,239,239,220,247,275,268,262,262,261,Caribbean,Caribbean
Aruba,Latin America and the Caribbean,Antigua and Barbuda,Latin America and the Caribbean,7,6,4,5,5,5,4,3,3,2,3,3,3,3,4,3,2,2,2,2,1,Caribbean,Caribbean
Aruba,Latin America and the Caribbean,Sint Maarten (Dutch part),Latin America and the Caribbean,0,0,0,617,1234,1286,1358,0,0,0,271,541,563,595,0,0,0,346,693,723,763,Caribbean,Caribbean
Aruba,Latin America and the Caribbean,Dominica,Latin America and the Caribbean,17,22,26,32,40,47,46,6,7,8,11,14,17,17,11,15,18,21,26,30,29,Caribbean,Caribbean
Aruba,Latin America and the Caribbean,Saint Lucia,Latin America and the Caribbean,8,10,14,23,31,29,27,3,4,5,8,11,11,11,5,6,9,15,20,18,16,Caribbean,Caribbean
Aruba,Latin America and the Caribbean,"Bonaire, Sint Eustatius and Saba",Latin America and the Caribbean,0,0,0,0,0,0,0,0,0,0,0,0,0,0,0,0,0,0,0,0,0,Caribbean,Caribbean
Sint Maarten (Dutch part),Latin America and the Caribbean,Venezuela,Latin America and the Caribbean,226,224,218,230,244,256,240,107,106,103,109,116,120,111,119,118,115,121,128,136,129,South America,Caribbean
Sint Maarten (Dutch part),Latin America and the Caribbean,Bolivia,Latin America and the Caribbean,32,39,79,39,43,49,53,17,19,40,20,21,25,28,15,20,39,19,22,24,25,South America,Caribbean
Sint Maarten (Dutch part),Latin America and the Caribbean,Aruba,Latin America and the Caribbean,125,313,500,589,667,701,784,66,165,264,311,353,371,408,59,148,236,278,314,330,376,Caribbean,Caribbean
Sint Maarten (Dutch part),Latin America and the Caribbean,Cura√ßao,Latin America and the Caribbean,0,0,0,0,461,499,581,0,0,0,0,198,215,258,0,0,0,0,263,284,323,Caribbean,Caribbean
Sint Maarten (Dutch part),Latin America and the Caribbean,United States Virgin Islands,Latin America and the Caribbean,83,93,104,101,99,99,97,42,47,52,51,51,51,50,41,46,52,50,48,48,47,Caribbean,Caribbean
Sint Maarten (Dutch part),Latin America and the Caribbean,Antigua and Barbuda,Latin America and the Caribbean,8,14,19,21,22,23,22,4,7,10,11,12,12,12,4,7,9,10,10,11,10,Caribbean,Caribbean
Sint Maarten (Dutch part),Latin America and the Caribbean,Saint Lucia,Latin America and the Caribbean,33,33,62,61,57,54,51,21,17,32,31,29,28,27,12,16,30,30,28,26,24,Caribbean,Caribbean
Sint Maarten (Dutch part),Latin America and the Caribbean,Saint Vincent and the Grenadines,Latin America and the Caribbean,87,90,98,100,105,112,117,32,33,39,41,45,52,59,55,57,59,59,60,60,58,Caribbean,Caribbean
Sint Maarten (Dutch part),Latin America and the Caribbean,"Bonaire, Sint Eustatius and Saba",Latin America and the Caribbean,0,0,0,0,0,0,0,0,0,0,0,0,0,0,0,0,0,0,0,0,0,Caribbean,Caribbean
Grenada,Latin America and the Caribbean,Venezuela,Latin America and the Caribbean,436,321,235,202,176,163,152,141,99,68,63,58,53,48,295,222,167,139,118,110,104,South America,Caribbean
Grenada,Latin America and the Caribbean,Argentina,Latin America and the Caribbean,25,24,23,18,11,11,11,0,0,0,0,1,1,1,25,24,23,18,10,10,10,South America,Caribbean
Grenada,Latin America and the Caribbean,Costa Rica,Latin America and the Caribbean,7,5,6,5,9,8,9,5,3,4,3,5,5,6,2,2,2,2,4,3,3,Central America,Caribbean
Grenada,Latin America and the Caribbean,Brazil,Latin America and the Caribbean,0,0,0,13,27,31,32,0,0,0,11,22,26,27,0,0,0,2,5,5,5,South America,Caribbean
Grenada,Latin America and the Caribbean,Panama,Latin America and the Caribbean,21,11,2,11,23,27,31,6,3,0,6,13,17,20,15,8,2,5,10,10,11,Central America,Caribbean
Grenada,Latin America and the Caribbean,Bolivia,Latin America and the Caribbean,1,2,2,1,0,0,0,1,2,2,1,0,0,0,0,0,0,0,0,0,0,South America,Caribbean
Grenada,Latin America and the Caribbean,Bahamas,Latin America and the Caribbean,28,27,26,28,30,33,34,15,14,14,13,13,14,15,13,13,12,15,17,19,19,Caribbean,Caribbean
Grenada,Latin America and the Caribbean,Trinidad and Tobago,Latin America and the Caribbean,16589,15066,11148,11973,7748,8026,8913,7704,6972,4994,5345,3358,3551,4676,8885,8094,6154,6628,4390,4475,4237,Caribbean,Caribbean
Grenada,Latin America and the Caribbean,Guyana,Latin America and the Caribbean,54,81,108,137,102,107,112,29,43,58,74,58,61,64,25,38,50,63,44,46,48,South America,Caribbean
Grenada,Latin America and the Caribbean,Aruba,Latin America and the Caribbean,294,285,276,263,246,258,287,53,58,63,63,63,65,67,241,227,213,200,183,193,220,Caribbean,Caribbean
Grenada,Latin America and the Caribbean,Cura√ßao,Latin America and the Caribbean,0,0,0,0,3,2,2,0,0,0,0,1,1,1,0,0,0,0,2,1,1,Caribbean,Caribbean
Grenada,Latin America and the Caribbean,Cayman Islands,Latin America and the Caribbean,4,9,17,16,16,16,17,3,5,10,10,9,10,11,1,4,7,6,7,6,6,Caribbean,Caribbean
Grenada,Latin America and the Caribbean,United States Virgin Islands,Latin America and the Caribbean,463,520,578,583,590,590,589,220,247,274,278,283,283,283,243,273,304,305,307,307,306,Caribbean,Caribbean
Grenada,Latin America and the Caribbean,Antigua and Barbuda,Latin America and the Caribbean,115,137,158,170,181,192,199,55,72,88,95,101,107,112,60,65,70,75,80,85,87,Caribbean,Caribbean
Grenada,Latin America and the Caribbean,Barbados,Latin America and the Caribbean,565,616,668,518,371,389,391,191,215,239,186,133,139,140,374,401,429,332,238,250,251,Caribbean,Caribbean
Grenada,Latin America and the Caribbean,Jamaica,Latin America and the Caribbean,161,192,222,216,210,205,207,79,94,108,105,103,100,101,82,98,114,111,107,105,106,Caribbean,Caribbean
Grenada,Latin America and the Caribbean,Saint Lucia,Latin America and the Caribbean,67,90,124,156,176,168,160,40,54,75,93,104,100,96,27,36,49,63,72,68,64,Caribbean,Caribbean
Grenada,Latin America and the Caribbean,Saint Vincent and the Grenadines,Latin America and the Caribbean,377,392,408,422,431,439,450,155,162,169,179,188,192,204,222,230,239,243,243,247,246,Caribbean,Caribbean
Grenada,Latin America and the Caribbean,Saint Kitts and Nevis,Latin America and the Caribbean,24,34,46,52,56,57,58,13,19,26,27,30,31,33,11,15,20,25,26,26,25,Caribbean,Caribbean
Grenada,Latin America and the Caribbean,Cuba,Latin America and the Caribbean,180,137,0,0,0,0,0,96,70,0,0,0,0,0,84,67,0,0,0,0,0,Caribbean,Caribbean
Grenada,Latin America and the Caribbean,"Bonaire, Sint Eustatius and Saba",Latin America and the Caribbean,0,0,0,0,0,0,0,0,0,0,0,0,0,0,0,0,0,0,0,0,0,Caribbean,Caribbean
Jamaica,Latin America and the Caribbean,Venezuela,Latin America and the Caribbean,220,167,126,111,99,95,89,94,75,59,50,43,41,38,126,92,67,61,56,54,51,South America,Caribbean
Jamaica,Latin America and the Caribbean,Argentina,Latin America and the Caribbean,27,26,25,19,11,11,11,27,26,25,19,11,11,11,0,0,0,0,0,0,0,South America,Caribbean
Jamaica,Latin America and the Caribbean,Dominican Republic,Latin America and the Caribbean,421,468,514,321,127,132,137,283,311,338,216,92,97,100,138,157,176,105,35,35,37,Caribbean,Caribbean
Jamaica,Latin America and the Caribbean,Ecuador,Latin America and the Caribbean,13,15,16,20,30,37,38,6,7,7,9,13,17,20,7,8,9,11,17,20,18,South America,Caribbean
Jamaica,Latin America and the Caribbean,Costa Rica,Latin America and the Caribbean,356,209,166,110,215,217,260,171,99,72,47,91,92,118,185,110,94,63,124,125,142,Central America,Caribbean
Jamaica,Latin America and the Caribbean,Brazil,Latin America and the Caribbean,24,41,57,98,138,162,174,24,30,36,77,116,137,148,0,11,21,21,22,25,26,South America,Caribbean
Jamaica,Latin America and the Caribbean,Panama,Latin America and the Caribbean,942,724,553,521,595,697,830,394,305,233,234,289,337,417,548,419,320,287,306,360,413,Central America,Caribbean
Jamaica,Latin America and the Caribbean,Mexico,Latin America and the Caribbean,116,115,121,117,127,132,143,24,36,51,59,75,78,86,92,79,70,58,52,54,57,Central America,Caribbean
Jamaica,Latin America and the Caribbean,Bolivia,Latin America and the Caribbean,5,4,2,4,6,8,7,3,2,1,2,4,5,5,2,2,1,2,2,3,2,South America,Caribbean
Jamaica,Latin America and the Caribbean,Puerto Rico,Latin America and the Caribbean,84,88,94,73,44,43,18,40,42,45,35,21,20,9,44,46,49,38,23,23,9,Caribbean,Caribbean
Jamaica,Latin America and the Caribbean,Bahamas,Latin America and the Caribbean,2792,3282,3773,5349,6925,7503,8042,746,1020,1295,1715,2136,2276,2440,2046,2262,2478,3634,4789,5227,5602,Caribbean,Caribbean
Jamaica,Latin America and the Caribbean,Belize,Latin America and the Caribbean,445,424,403,412,421,496,561,260,253,246,251,257,302,343,185,171,157,161,164,194,218,South America,Caribbean
Jamaica,Latin America and the Caribbean,Trinidad and Tobago,Latin America and the Caribbean,811,736,798,856,1445,1497,1661,394,357,392,420,748,787,989,417,379,406,436,697,710,672,Caribbean,Caribbean
Jamaica,Latin America and the Caribbean,Guyana,Latin America and the Caribbean,83,124,165,209,157,166,174,44,66,89,113,89,94,99,39,58,76,96,68,72,75,South America,Caribbean
Jamaica,Latin America and the Caribbean,Aruba,Latin America and the Caribbean,162,439,715,719,710,746,833,24,125,226,231,232,243,259,138,314,489,488,478,503,574,Caribbean,Caribbean
Jamaica,Latin America and the Caribbean,Cura√ßao,Latin America and the Caribbean,0,0,0,0,1198,1300,1516,0,0,0,0,348,379,467,0,0,0,0,850,921,1049,Caribbean,Caribbean
Jamaica,Latin America and the Caribbean,Nicaragua,Latin America and the Caribbean,39,31,24,18,19,20,19,23,18,15,12,13,14,14,16,13,9,6,6,6,5,Central America,Caribbean
Jamaica,Latin America and the Caribbean,El Salvador,Latin America and the Caribbean,16,13,9,10,10,10,10,9,7,5,6,6,6,6,7,6,4,4,4,4,4,Central America,Caribbean
Jamaica,Latin America and the Caribbean,Cayman Islands,Latin America and the Caribbean,3767,4987,7468,8110,9472,10354,11540,1620,2177,3269,3839,4769,5190,5808,2147,2810,4199,4271,4703,5164,5732,Caribbean,Caribbean
Jamaica,Latin America and the Caribbean,Honduras,Latin America and the Caribbean,20,20,20,20,19,27,27,16,16,16,16,16,23,23,4,4,4,4,3,4,4,Central America,Caribbean
Jamaica,Latin America and the Caribbean,United States Virgin Islands,Latin America and the Caribbean,260,305,352,362,373,373,372,116,136,157,163,169,169,169,144,169,195,199,204,204,203,Caribbean,Caribbean
Jamaica,Latin America and the Caribbean,Antigua and Barbuda,Latin America and the Caribbean,386,1832,3278,3515,3752,3990,4173,185,642,1099,1176,1253,1331,1394,201,1190,2179,2339,2499,2659,2779,Caribbean,Caribbean
Jamaica,Latin America and the Caribbean,Barbados,Latin America and the Caribbean,622,679,736,839,947,994,1004,197,223,248,287,328,344,348,425,456,488,552,619,650,656,Caribbean,Caribbean
Jamaica,Latin America and the Caribbean,Sint Maarten (Dutch part),Latin America and the Caribbean,0,0,0,1134,2269,2364,2496,0,0,0,487,974,1013,1070,0,0,0,647,1295,1351,1426,Caribbean,Caribbean
Jamaica,Latin America and the Caribbean,British Virgin Islands,Latin America and the Caribbean,272,320,368,422,1697,1941,2202,114,129,145,166,709,803,911,158,191,223,256,988,1138,1291,Caribbean,Caribbean
Jamaica,Latin America and the Caribbean,Dominica,Latin America and the Caribbean,47,62,74,91,111,129,130,16,21,26,31,38,44,45,31,41,48,60,73,85,85,Caribbean,Caribbean
Jamaica,Latin America and the Caribbean,Grenada,Latin America and the Caribbean,65,85,105,109,114,115,117,32,42,52,54,56,57,54,33,43,53,55,58,58,63,Caribbean,Caribbean
Jamaica,Latin America and the Caribbean,Saint Lucia,Latin America and the Caribbean,78,105,144,286,407,390,373,31,43,59,110,163,156,150,47,62,85,176,244,234,223,Caribbean,Caribbean
Jamaica,Latin America and the Caribbean,Saint Vincent and the Grenadines,Latin America and the Caribbean,111,115,119,122,125,126,125,58,57,59,62,64,60,61,53,58,60,60,61,66,64,Caribbean,Caribbean
Jamaica,Latin America and the Caribbean,Anguilla,Latin America and the Caribbean,220,283,346,398,433,464,483,128,162,196,226,247,265,276,92,121,150,172,186,199,207,Caribbean,Caribbean
Jamaica,Latin America and the Caribbean,Saint Kitts and Nevis,Latin America and the Caribbean,62,82,116,128,138,141,144,29,39,56,62,68,70,72,33,43,60,66,70,71,72,Caribbean,Caribbean
Jamaica,Latin America and the Caribbean,Cuba,Latin America and the Caribbean,656,497,353,218,129,71,38,322,233,152,95,57,31,16,334,264,201,123,72,40,22,Caribbean,Caribbean
Jamaica,Latin America and the Caribbean,"Bonaire, Sint Eustatius and Saba",Latin America and the Caribbean,0,0,0,0,0,0,0,0,0,0,0,0,0,0,0,0,0,0,0,0,0,Caribbean,Caribbean
"Bonaire, Sint Eustatius and Saba",Latin America and the Caribbean,Venezuela,Latin America and the Caribbean,45,44,43,46,48,51,47,22,21,20,22,23,24,22,23,23,23,24,25,27,25,South America,Caribbean
"Bonaire, Sint Eustatius and Saba",Latin America and the Caribbean,Bolivia,Latin America and the Caribbean,13,17,33,17,18,21,21,6,9,17,9,9,10,11,7,8,16,8,9,11,10,South America,Caribbean
"Bonaire, Sint Eustatius and Saba",Latin America and the Caribbean,Aruba,Latin America and the Caribbean,53,133,212,249,283,297,331,28,70,112,131,150,157,172,25,63,100,118,133,140,159,Caribbean,Caribbean
"Bonaire, Sint Eustatius and Saba",Latin America and the Caribbean,Cura√ßao,Latin America and the Caribbean,0,0,0,0,2149,2334,2722,0,0,0,0,875,953,1149,0,0,0,0,1274,1381,1573,Caribbean,Caribbean
"Bonaire, Sint Eustatius and Saba",Latin America and the Caribbean,United States Virgin Islands,Latin America and the Caribbean,16,18,20,20,19,19,18,8,9,10,11,10,10,10,8,9,10,9,9,9,8,Caribbean,Caribbean
"Bonaire, Sint Eustatius and Saba",Latin America and the Caribbean,Antigua and Barbuda,Latin America and the Caribbean,4,7,9,10,10,11,10,2,3,4,4,4,5,5,2,4,5,6,6,6,5,Caribbean,Caribbean
"Bonaire, Sint Eustatius and Saba",Latin America and the Caribbean,Sint Maarten (Dutch part),Latin America and the Caribbean,0,0,0,79,158,165,173,0,0,0,37,74,77,81,0,0,0,42,84,88,92,Caribbean,Caribbean
"Bonaire, Sint Eustatius and Saba",Latin America and the Caribbean,Saint Vincent and the Grenadines,Latin America and the Caribbean,175,182,189,193,198,201,202,96,100,100,104,107,109,109,79,82,89,89,91,92,93,Caribbean,Caribbean
Suriname,Latin America and the Caribbean,Venezuela,Latin America and the Caribbean,106,80,61,54,48,46,43,49,38,29,26,23,23,22,57,42,32,28,25,23,21,South America,South America
Suriname,Latin America and the Caribbean,Argentina,Latin America and the Caribbean,11,11,11,9,5,5,5,1,1,1,0,0,0,0,10,10,10,9,5,5,5,South America,South America
Suriname,Latin America and the Caribbean,Dominican Republic,Latin America and the Caribbean,103,115,126,76,27,27,27,37,40,42,29,16,17,17,66,75,84,47,11,10,10,Caribbean,South America
Suriname,Latin America and the Caribbean,Costa Rica,Latin America and the Caribbean,13,11,15,11,21,20,23,7,6,8,5,11,11,13,6,5,7,6,10,9,10,Central America,South America
Suriname,Latin America and the Caribbean,Brazil,Latin America and the Caribbean,120,177,233,253,271,319,346,51,104,156,157,157,184,204,69,73,77,96,114,135,142,South America,South America
Suriname,Latin America and the Caribbean,Bolivia,Latin America and the Caribbean,1,1,1,1,0,0,0,1,1,1,1,0,0,0,0,0,0,0,0,0,0,South America,South America
Suriname,Latin America and the Caribbean,French Guiana,Latin America and the Caribbean,15289,15381,15472,20487,25501,23185,26064,8160,7905,7650,9793,11935,10920,12272,7129,7476,7822,10694,13566,12265,13792,South America,South America
Suriname,Latin America and the Caribbean,Guyana,Latin America and the Caribbean,1047,1681,2314,3117,2443,2586,2714,525,832,1138,1549,1271,1346,1414,522,849,1176,1568,1172,1240,1300,South America,South America
Suriname,Latin America and the Caribbean,Aruba,Latin America and the Caribbean,721,997,1273,1285,1272,1337,1494,379,498,618,614,598,628,685,342,499,655,671,674,709,809,Caribbean,South America
Suriname,Latin America and the Caribbean,Cura√ßao,Latin America and the Caribbean,0,0,0,0,1723,1871,2180,0,0,0,0,746,813,975,0,0,0,0,977,1058,1205,Caribbean,South America
Suriname,Latin America and the Caribbean,Guadeloupe,Latin America and the Caribbean,3,14,24,30,36,34,33,2,5,8,12,17,15,15,1,9,16,18,19,19,18,Caribbean,South America
Suriname,Latin America and the Caribbean,Antigua and Barbuda,Latin America and the Caribbean,9,23,37,40,42,45,45,4,10,17,18,19,21,22,5,13,20,22,23,24,23,Caribbean,South America
Suriname,Latin America and the Caribbean,Barbados,Latin America and the Caribbean,0,0,0,33,45,47,46,0,0,0,8,11,12,12,0,0,0,25,34,35,34,Caribbean,South America
Suriname,Latin America and the Caribbean,Sint Maarten (Dutch part),Latin America and the Caribbean,0,0,0,250,500,521,549,0,0,0,115,229,238,252,0,0,0,135,271,283,297,Caribbean,South America
Suriname,Latin America and the Caribbean,Dominica,Latin America and the Caribbean,7,9,11,13,16,19,18,4,5,6,8,10,12,12,3,4,5,5,6,7,6,Caribbean,South America
Suriname,Latin America and the Caribbean,Saint Lucia,Latin America and the Caribbean,18,24,33,29,23,22,20,7,10,14,13,10,10,10,11,14,19,16,13,12,10,Caribbean,South America
Suriname,Latin America and the Caribbean,"Bonaire, Sint Eustatius and Saba",Latin America and the Caribbean,0,0,0,0,0,0,0,0,0,0,0,0,0,0,0,0,0,0,0,0,0,Caribbean,South America
Martinique,Latin America and the Caribbean,Venezuela,Latin America and the Caribbean,38,37,36,37,40,43,40,13,13,12,12,13,14,13,25,24,24,25,27,29,27,South America,Caribbean
Martinique,Latin America and the Caribbean,Dominican Republic,Latin America and the Caribbean,51,57,62,47,32,32,33,19,20,21,22,22,23,24,32,37,41,25,10,9,9,Caribbean,Caribbean
Martinique,Latin America and the Caribbean,Costa Rica,Latin America and the Caribbean,3,2,3,3,5,4,4,2,1,2,1,3,3,3,1,1,1,2,2,1,1,Central America,Caribbean
Martinique,Latin America and the Caribbean,French Guiana,Latin America and the Caribbean,4570,4771,4971,4685,4398,2654,2982,2474,2486,2498,2337,2176,1298,1459,2096,2285,2473,2348,2222,1356,1523,South America,Caribbean
Martinique,Latin America and the Caribbean,Cura√ßao,Latin America and the Caribbean,0,0,0,0,30,31,35,0,0,0,0,12,13,16,0,0,0,0,18,18,19,Caribbean,Caribbean
Martinique,Latin America and the Caribbean,Guadeloupe,Latin America and the Caribbean,5803,6985,8167,8636,9104,8722,8635,2793,3167,3542,3741,3939,3554,3473,3010,3818,4625,4895,5165,5168,5162,Caribbean,Caribbean
Martinique,Latin America and the Caribbean,Antigua and Barbuda,Latin America and the Caribbean,5,5,4,5,5,5,4,2,2,2,3,3,3,3,3,3,2,2,2,2,1,Caribbean,Caribbean
Martinique,Latin America and the Caribbean,Sint Maarten (Dutch part),Latin America and the Caribbean,0,0,0,36,72,75,78,0,0,0,17,34,36,38,0,0,0,19,38,39,40,Caribbean,Caribbean
Martinique,Latin America and the Caribbean,Dominica,Latin America and the Caribbean,52,69,82,101,123,143,145,36,48,57,71,86,100,103,16,21,25,30,37,43,42,Caribbean,Caribbean
Martinique,Latin America and the Caribbean,Saint Lucia,Latin America and the Caribbean,198,267,367,345,298,285,272,110,149,206,191,163,156,150,88,118,161,154,135,129,122,Caribbean,Caribbean
Martinique,Latin America and the Caribbean,"Bonaire, Sint Eustatius and Saba",Latin America and the Caribbean,0,0,0,0,0,0,0,0,0,0,0,0,0,0,0,0,0,0,0,0,0,Caribbean,Caribbean
Belize,Latin America and the Caribbean,Venezuela,Latin America and the Caribbean,18,17,17,17,19,20,18,10,9,9,9,10,10,10,8,8,8,8,9,10,8,South America,South America
Belize,Latin America and the Caribbean,Argentina,Latin America and the Caribbean,12,12,12,10,6,6,6,2,2,2,1,1,1,1,10,10,10,9,5,5,5,South America,South America
Belize,Latin America and the Caribbean,Costa Rica,Latin America and the Caribbean,202,123,106,70,138,139,167,98,66,64,41,82,83,104,104,57,42,29,56,56,63,Central America,South America
Belize,Latin America and the Caribbean,Brazil,Latin America and the Caribbean,0,0,0,2,6,6,5,0,0,0,0,0,0,0,0,0,0,2,6,6,5,South America,South America
Belize,Latin America and the Caribbean,Panama,Latin America and the Caribbean,64,72,86,72,74,86,103,34,39,46,42,47,56,69,30,33,40,30,27,30,34,Central America,South America
Belize,Latin America and the Caribbean,Mexico,Latin America and the Caribbean,1415,1474,1597,1848,2313,1940,2127,596,558,549,767,1076,913,1014,819,916,1048,1081,1237,1027,1113,Central America,South America
Belize,Latin America and the Caribbean,Bolivia,Latin America and the Caribbean,991,962,922,850,777,906,1007,536,506,469,430,391,456,506,455,456,453,420,386,450,501,South America,South America
Belize,Latin America and the Caribbean,Bahamas,Latin America and the Caribbean,31,22,13,27,41,44,45,10,7,4,9,14,15,16,21,15,9,18,27,29,29,Caribbean,South America
Belize,Latin America and the Caribbean,Guatemala,Latin America and the Caribbean,543,561,579,688,796,874,984,181,223,266,336,405,454,508,362,338,313,352,391,420,476,Central America,South America
Belize,Latin America and the Caribbean,Nicaragua,Latin America and the Caribbean,60,48,34,22,23,24,24,33,26,18,11,12,13,14,27,22,16,11,11,11,10,Central America,South America
Belize,Latin America and the Caribbean,El Salvador,Latin America and the Caribbean,244,231,218,272,325,339,344,113,107,102,128,154,161,164,131,124,116,144,171,178,180,Central America,South America
Belize,Latin America and the Caribbean,Cayman Islands,Latin America and the Caribbean,110,208,359,326,323,352,392,59,112,194,178,178,195,218,51,96,165,148,145,157,174,Caribbean,South America
Belize,Latin America and the Caribbean,Honduras,Latin America and the Caribbean,213,242,271,266,260,365,372,116,127,139,138,137,194,199,97,115,132,128,123,171,173,Central America,South America
Belize,Latin America and the Caribbean,Antigua and Barbuda,Latin America and the Caribbean,8,10,11,12,13,14,13,4,5,6,6,7,8,8,4,5,5,6,6,6,5,Caribbean,South America
Belize,Latin America and the Caribbean,Barbados,Latin America and the Caribbean,0,0,0,15,21,22,21,0,0,0,7,10,11,11,0,0,0,8,11,11,10,Caribbean,South America
Belize,Latin America and the Caribbean,Jamaica,Latin America and the Caribbean,6,7,7,7,7,7,7,2,3,3,3,3,3,3,4,4,4,4,4,4,4,Caribbean,South America
Belize,Latin America and the Caribbean,Saint Lucia,Latin America and the Caribbean,1,0,1,1,1,0,0,1,0,1,1,1,0,0,0,0,0,0,0,0,0,Caribbean,South America
Barbados,Latin America and the Caribbean,Venezuela,Latin America and the Caribbean,241,142,83,43,23,7,5,116,69,40,22,12,5,5,125,73,43,21,11,2,0,South America,Caribbean
Barbados,Latin America and the Caribbean,Argentina,Latin America and the Caribbean,16,16,16,13,7,7,7,0,0,1,1,1,1,1,16,16,15,12,6,6,6,South America,Caribbean
Barbados,Latin America and the Caribbean,Costa Rica,Latin America and the Caribbean,8,6,8,6,12,11,13,6,4,5,3,7,7,9,2,2,3,3,5,4,4,Central America,Caribbean
Barbados,Latin America and the Caribbean,Brazil,Latin America and the Caribbean,0,0,0,13,28,33,35,0,0,0,3,7,9,10,0,0,0,10,21,24,25,South America,Caribbean
Barbados,Latin America and the Caribbean,Panama,Latin America and the Caribbean,137,88,46,34,29,32,38,53,34,17,14,14,15,20,84,54,29,20,15,17,18,Central America,Caribbean
Barbados,Latin America and the Caribbean,Bolivia,Latin America and the Caribbean,7,4,0,0,0,0,0,5,3,0,0,0,0,0,2,1,0,0,0,0,0,South America,Caribbean
Barbados,Latin America and the Caribbean,Bahamas,Latin America and the Caribbean,234,171,108,164,220,238,253,149,107,66,103,141,152,162,85,64,42,61,79,86,91,Caribbean,Caribbean
Barbados,Latin America and the Caribbean,Trinidad and Tobago,Latin America and the Caribbean,2411,2188,1573,1688,1029,1066,1184,1253,1135,795,852,485,512,660,1158,1053,778,836,544,554,524,Caribbean,Caribbean
Barbados,Latin America and the Caribbean,Guyana,Latin America and the Caribbean,156,186,216,223,142,150,157,80,96,113,118,78,83,87,76,90,103,105,64,67,70,South America,Caribbean
Barbados,Latin America and the Caribbean,Cura√ßao,Latin America and the Caribbean,0,0,0,0,177,191,222,0,0,0,0,31,34,44,0,0,0,0,146,157,178,Caribbean,Caribbean
Barbados,Latin America and the Caribbean,El Salvador,Latin America and the Caribbean,64,50,35,37,38,40,40,31,24,17,18,19,20,20,33,26,18,19,19,20,20,Central America,Caribbean
Barbados,Latin America and the Caribbean,Cayman Islands,Latin America and the Caribbean,64,121,209,180,169,183,203,47,88,151,124,109,118,132,17,33,58,56,60,65,71,Caribbean,Caribbean
Barbados,Latin America and the Caribbean,United States Virgin Islands,Latin America and the Caribbean,289,324,361,364,368,368,367,149,167,186,189,192,192,192,140,157,175,175,176,176,175,Caribbean,Caribbean
Barbados,Latin America and the Caribbean,Antigua and Barbuda,Latin America and the Caribbean,204,226,248,266,284,302,315,98,122,146,156,167,177,186,106,104,102,110,117,125,129,Caribbean,Caribbean
Barbados,Latin America and the Caribbean,Sint Maarten (Dutch part),Latin America and the Caribbean,0,0,0,35,70,73,76,0,0,0,17,34,36,38,0,0,0,18,36,37,38,Caribbean,Caribbean
Barbados,Latin America and the Caribbean,British Virgin Islands,Latin America and the Caribbean,94,111,127,146,164,187,212,60,70,80,92,103,117,133,34,41,47,54,61,70,79,Caribbean,Caribbean
Barbados,Latin America and the Caribbean,Dominica,Latin America and the Caribbean,61,80,95,117,143,167,169,33,43,51,63,78,91,93,28,37,44,54,65,76,76,Caribbean,Caribbean
Barbados,Latin America and the Caribbean,Jamaica,Latin America and the Caribbean,418,497,575,560,545,533,541,205,243,281,275,269,263,268,213,254,294,285,276,270,273,Caribbean,Caribbean
Barbados,Latin America and the Caribbean,Grenada,Latin America and the Caribbean,101,131,161,168,176,178,180,50,65,80,84,88,89,83,51,66,81,84,88,89,97,Caribbean,Caribbean
Barbados,Latin America and the Caribbean,Saint Lucia,Latin America and the Caribbean,324,437,600,540,440,421,403,164,223,308,272,218,208,199,160,214,292,268,222,213,204,Caribbean,Caribbean
Barbados,Latin America and the Caribbean,Saint Vincent and the Grenadines,Latin America and the Caribbean,303,315,328,339,346,351,355,171,178,186,191,197,201,207,132,137,142,148,149,150,148,Caribbean,Caribbean
Barbados,Latin America and the Caribbean,Saint Kitts and Nevis,Latin America and the Caribbean,41,56,79,87,94,96,98,17,24,35,39,43,45,47,24,32,44,48,51,51,51,Caribbean,Caribbean
Barbados,Latin America and the Caribbean,"Bonaire, Sint Eustatius and Saba",Latin America and the Caribbean,0,0,0,0,0,0,0,0,0,0,0,0,0,0,0,0,0,0,0,0,0,Caribbean,Caribbean
Saint Lucia,Latin America and the Caribbean,Venezuela,Latin America and the Caribbean,65,40,25,15,10,6,4,33,19,11,8,6,4,4,32,21,14,7,4,2,0,South America,Caribbean
Saint Lucia,Latin America and the Caribbean,Costa Rica,Latin America and the Caribbean,2,1,1,2,2,1,1,1,0,0,0,0,0,0,1,1,1,2,2,1,1,Central America,Caribbean
Saint Lucia,Latin America and the Caribbean,Brazil,Latin America and the Caribbean,0,0,0,0,145,170,183,0,0,0,0,48,55,63,0,0,0,0,97,115,120,South America,Caribbean
Saint Lucia,Latin America and the Caribbean,Bahamas,Latin America and the Caribbean,25,41,57,65,72,78,82,10,18,27,32,36,39,42,15,23,30,33,36,39,40,Caribbean,Caribbean
Saint Lucia,Latin America and the Caribbean,French Guiana,Latin America and the Caribbean,1722,1565,1408,1327,1246,785,882,920,808,696,651,606,341,384,802,757,712,676,640,444,498,South America,Caribbean
Saint Lucia,Latin America and the Caribbean,Trinidad and Tobago,Latin America and the Caribbean,1306,1185,976,1047,850,880,977,673,610,479,513,403,425,547,633,575,497,534,447,455,430,Caribbean,Caribbean
Saint Lucia,Latin America and the Caribbean,Guyana,Latin America and the Caribbean,286,275,264,226,116,122,128,166,159,153,132,70,74,78,120,116,111,94,46,48,50,South America,Caribbean
Saint Lucia,Latin America and the Caribbean,Guadeloupe,Latin America and the Caribbean,273,274,274,336,398,381,377,138,132,126,154,182,165,162,135,142,148,182,216,216,215,Caribbean,Caribbean
Saint Lucia,Latin America and the Caribbean,Cayman Islands,Latin America and the Caribbean,2,6,11,10,10,9,10,1,3,5,5,4,4,5,1,3,6,5,6,5,5,Caribbean,Caribbean
Saint Lucia,Latin America and the Caribbean,United States Virgin Islands,Latin America and the Caribbean,2533,2990,3454,3438,3423,3425,3425,1203,1420,1640,1642,1644,1645,1646,1330,1570,1814,1796,1779,1780,1779,Caribbean,Caribbean
Saint Lucia,Latin America and the Caribbean,Antigua and Barbuda,Latin America and the Caribbean,392,474,556,596,636,676,706,188,214,241,258,275,292,306,204,260,315,338,361,384,400,Caribbean,Caribbean
Saint Lucia,Latin America and the Caribbean,Barbados,Latin America and the Caribbean,3317,3621,3924,2991,2073,2177,2200,1222,1371,1520,1168,823,864,873,2095,2250,2404,1823,1250,1313,1327,Caribbean,Caribbean
Saint Lucia,Latin America and the Caribbean,Martinique,Latin America and the Caribbean,989,1390,1792,1876,1960,2275,2256,446,631,817,831,844,941,933,543,759,975,1045,1116,1334,1323,Caribbean,Caribbean
Saint Lucia,Latin America and the Caribbean,Sint Maarten (Dutch part),Latin America and the Caribbean,0,0,0,233,467,487,513,0,0,0,106,213,222,234,0,0,0,127,254,265,279,Caribbean,Caribbean
Saint Lucia,Latin America and the Caribbean,British Virgin Islands,Latin America and the Caribbean,274,323,371,425,461,527,597,120,137,154,176,192,217,246,154,186,217,249,269,310,351,Caribbean,Caribbean
Saint Lucia,Latin America and the Caribbean,Dominica,Latin America and the Caribbean,102,135,161,198,241,281,286,51,67,81,99,122,142,146,51,68,80,99,119,139,140,Caribbean,Caribbean
Saint Lucia,Latin America and the Caribbean,Jamaica,Latin America and the Caribbean,257,305,353,344,335,328,334,127,150,173,169,166,163,167,130,155,180,175,169,165,167,Caribbean,Caribbean
Saint Lucia,Latin America and the Caribbean,Grenada,Latin America and the Caribbean,92,119,147,154,162,163,165,45,59,73,77,81,81,76,47,60,74,77,81,82,89,Caribbean,Caribbean
Saint Lucia,Latin America and the Caribbean,Saint Vincent and the Grenadines,Latin America and the Caribbean,208,216,224,230,237,240,241,84,88,91,96,102,103,106,124,128,133,134,135,137,135,Caribbean,Caribbean
Saint Lucia,Latin America and the Caribbean,Saint Kitts and Nevis,Latin America and the Caribbean,46,60,82,93,102,102,104,29,39,54,58,56,57,59,17,21,28,35,46,45,45,Caribbean,Caribbean
Saint Lucia,Latin America and the Caribbean,"Bonaire, Sint Eustatius and Saba",Latin America and the Caribbean,0,0,0,0,0,0,0,0,0,0,0,0,0,0,0,0,0,0,0,0,0,Caribbean,Caribbean
Dominica,Latin America and the Caribbean,Venezuela,Latin America and the Caribbean,200,40,8,4,2,0,0,86,22,5,3,1,0,0,114,18,3,1,1,0,0,South America,Caribbean
Dominica,Latin America and the Caribbean,Argentina,Latin America and the Caribbean,9,9,9,8,4,4,4,0,0,0,0,0,0,0,9,9,9,8,4,4,4,South America,Caribbean
Dominica,Latin America and the Caribbean,Dominican Republic,Latin America and the Caribbean,24,27,29,22,15,14,14,18,20,21,14,6,6,6,6,7,8,8,9,8,8,Caribbean,Caribbean
Dominica,Latin America and the Caribbean,Costa Rica,Latin America and the Caribbean,3,3,4,4,6,5,6,0,0,0,0,0,0,1,3,3,4,4,6,5,5,Central America,Caribbean
Dominica,Latin America and the Caribbean,Brazil,Latin America and the Caribbean,0,0,0,10,22,25,27,0,0,0,5,10,12,14,0,0,0,5,12,13,13,South America,Caribbean
Dominica,Latin America and the Caribbean,Panama,Latin America and the Caribbean,12,17,24,33,50,58,68,4,6,9,12,18,21,26,8,11,15,21,32,37,42,Central America,Caribbean
Dominica,Latin America and the Caribbean,Bolivia,Latin America and the Caribbean,6,3,0,2,3,4,3,5,2,0,1,2,2,2,1,1,0,1,1,2,1,South America,Caribbean
Dominica,Latin America and the Caribbean,Puerto Rico,Latin America and the Caribbean,2567,2575,2591,2030,1215,1190,513,1216,1221,1229,963,569,556,239,1351,1354,1362,1067,646,634,274,Caribbean,Caribbean
Dominica,Latin America and the Caribbean,Bahamas,Latin America and the Caribbean,35,41,47,58,69,75,79,15,22,30,31,32,35,38,20,19,17,27,37,40,41,Caribbean,Caribbean
Dominica,Latin America and the Caribbean,French Guiana,Latin America and the Caribbean,443,493,542,571,599,414,465,153,155,157,162,166,104,117,290,338,385,409,433,310,348,South America,Caribbean
Dominica,Latin America and the Caribbean,Guyana,Latin America and the Caribbean,13,19,25,31,23,24,25,8,11,15,18,14,15,16,5,8,10,13,9,9,9,South America,Caribbean
Dominica,Latin America and the Caribbean,Aruba,Latin America and the Caribbean,143,134,125,115,103,107,119,45,43,42,37,32,32,34,98,91,83,78,71,75,85,Caribbean,Caribbean
Dominica,Latin America and the Caribbean,Cura√ßao,Latin America and the Caribbean,0,0,0,0,100,107,124,0,0,0,0,17,19,25,0,0,0,0,83,88,99,Caribbean,Caribbean
Dominica,Latin America and the Caribbean,Guadeloupe,Latin America and the Caribbean,5560,5604,5648,4932,4215,4037,3997,2025,2325,2626,2095,1563,1397,1361,3535,3279,3022,2837,2652,2640,2636,Caribbean,Caribbean
Dominica,Latin America and the Caribbean,United States Virgin Islands,Latin America and the Caribbean,3219,4060,4909,5206,5505,5508,5510,1534,1935,2339,2494,2650,2651,2653,1685,2125,2570,2712,2855,2857,2857,Caribbean,Caribbean
Dominica,Latin America and the Caribbean,Antigua and Barbuda,Latin America and the Caribbean,2442,3170,3898,4180,4462,4745,4963,1174,1448,1722,1844,1966,2089,2187,1268,1722,2176,2336,2496,2656,2776,Caribbean,Caribbean
Dominica,Latin America and the Caribbean,Barbados,Latin America and the Caribbean,451,492,534,426,321,337,339,138,156,175,141,107,113,114,313,336,359,285,214,224,225,Caribbean,Caribbean
Dominica,Latin America and the Caribbean,Martinique,Latin America and the Caribbean,184,279,374,391,408,473,469,89,130,170,173,175,195,194,95,149,204,218,233,278,275,Caribbean,Caribbean
Dominica,Latin America and the Caribbean,Sint Maarten (Dutch part),Latin America and the Caribbean,0,0,0,717,1435,1495,1578,0,0,0,369,739,768,811,0,0,0,348,696,727,767,Caribbean,Caribbean
Dominica,Latin America and the Caribbean,British Virgin Islands,Latin America and the Caribbean,619,728,836,958,1098,1256,1425,295,337,379,434,498,565,642,324,391,457,524,600,691,783,Caribbean,Caribbean
Dominica,Latin America and the Caribbean,Jamaica,Latin America and the Caribbean,107,128,148,144,140,137,138,53,63,72,70,69,68,69,54,65,76,74,71,69,69,Caribbean,Caribbean
Dominica,Latin America and the Caribbean,Grenada,Latin America and the Caribbean,42,54,67,70,74,74,74,21,27,33,35,37,37,34,21,27,34,35,37,37,40,Caribbean,Caribbean
Dominica,Latin America and the Caribbean,Saint Lucia,Latin America and the Caribbean,96,129,177,234,273,261,249,49,67,92,121,140,134,129,47,62,85,113,133,127,120,Caribbean,Caribbean
Dominica,Latin America and the Caribbean,Saint Vincent and the Grenadines,Latin America and the Caribbean,75,78,81,82,84,87,86,30,32,34,36,38,41,40,45,46,47,46,46,46,46,Caribbean,Caribbean
Dominica,Latin America and the Caribbean,Saint Kitts and Nevis,Latin America and the Caribbean,87,115,158,180,195,200,206,45,61,85,96,105,106,110,42,54,73,84,90,94,96,Caribbean,Caribbean
Dominica,Latin America and the Caribbean,Montserrat,Latin America and the Caribbean,412,331,250,257,265,283,306,192,154,116,118,121,127,131,220,177,134,139,144,156,175,Caribbean,Caribbean
Dominica,Latin America and the Caribbean,"Bonaire, Sint Eustatius and Saba",Latin America and the Caribbean,0,0,0,0,0,0,0,0,0,0,0,0,0,0,0,0,0,0,0,0,0,Caribbean,Caribbean
Antigua and Barbuda,Latin America and the Caribbean,Dominican Republic,Latin America and the Caribbean,266,296,325,248,171,179,186,134,146,157,124,90,95,99,132,150,168,124,81,84,87,Caribbean,Caribbean
Antigua and Barbuda,Latin America and the Caribbean,Bolivia,Latin America and the Caribbean,10,5,0,0,0,0,0,8,4,0,0,0,0,0,2,1,0,0,0,0,0,South America,Caribbean
Antigua and Barbuda,Latin America and the Caribbean,Bahamas,Latin America and the Caribbean,13,10,8,11,13,14,13,7,4,3,5,6,6,6,6,6,5,6,7,8,7,Caribbean,Caribbean
Antigua and Barbuda,Latin America and the Caribbean,Guyana,Latin America and the Caribbean,5,8,10,13,9,9,9,2,3,4,5,4,4,4,3,5,6,8,5,5,5,South America,Caribbean
Antigua and Barbuda,Latin America and the Caribbean,Cura√ßao,Latin America and the Caribbean,0,0,0,0,51,54,62,0,0,0,0,12,13,17,0,0,0,0,39,41,45,Caribbean,Caribbean
Antigua and Barbuda,Latin America and the Caribbean,Nicaragua,Latin America and the Caribbean,35,28,65,104,111,119,123,18,14,32,50,54,58,61,17,14,33,54,57,61,62,Central America,Caribbean
Antigua and Barbuda,Latin America and the Caribbean,United States Virgin Islands,Latin America and the Caribbean,4398,4610,4832,4708,4585,4587,4588,1976,2071,2170,2128,2085,2085,2086,2422,2539,2662,2580,2500,2502,2502,Caribbean,Caribbean
Antigua and Barbuda,Latin America and the Caribbean,Barbados,Latin America and the Caribbean,226,246,267,225,185,194,194,73,82,91,84,78,82,82,153,164,176,141,107,112,112,Caribbean,Caribbean
Antigua and Barbuda,Latin America and the Caribbean,Sint Maarten (Dutch part),Latin America and the Caribbean,0,0,0,256,513,534,563,0,0,0,116,232,241,255,0,0,0,140,281,293,308,Caribbean,Caribbean
Antigua and Barbuda,Latin America and the Caribbean,British Virgin Islands,Latin America and the Caribbean,388,456,524,600,676,773,877,178,202,227,260,293,332,377,210,254,297,340,383,441,500,Caribbean,Caribbean
Antigua and Barbuda,Latin America and the Caribbean,Dominica,Latin America and the Caribbean,184,243,290,357,379,442,451,97,128,155,189,182,212,218,87,115,135,168,197,230,233,Caribbean,Caribbean
Antigua and Barbuda,Latin America and the Caribbean,Jamaica,Latin America and the Caribbean,120,143,165,161,156,153,154,59,70,80,79,77,76,77,61,73,85,82,79,77,77,Caribbean,Caribbean
Antigua and Barbuda,Latin America and the Caribbean,Grenada,Latin America and the Caribbean,22,28,35,36,38,38,39,11,14,17,18,19,19,18,11,14,18,18,19,19,21,Caribbean,Caribbean
Antigua and Barbuda,Latin America and the Caribbean,Saint Lucia,Latin America and the Caribbean,49,65,90,95,94,90,85,25,33,46,48,47,45,43,24,32,44,47,47,45,42,Caribbean,Caribbean
Antigua and Barbuda,Latin America and the Caribbean,Saint Vincent and the Grenadines,Latin America and the Caribbean,51,53,55,56,58,58,56,28,28,30,32,34,33,33,23,25,25,24,24,25,23,Caribbean,Caribbean
Antigua and Barbuda,Latin America and the Caribbean,Saint Kitts and Nevis,Latin America and the Caribbean,175,231,319,363,393,404,417,81,109,153,175,191,197,204,94,122,166,188,202,207,213,Caribbean,Caribbean
Antigua and Barbuda,Latin America and the Caribbean,Montserrat,Latin America and the Caribbean,172,138,104,107,110,115,116,82,66,49,51,52,55,56,90,72,55,56,58,60,60,Caribbean,Caribbean
Antigua and Barbuda,Latin America and the Caribbean,"Bonaire, Sint Eustatius and Saba",Latin America and the Caribbean,0,0,0,0,0,0,0,0,0,0,0,0,0,0,0,0,0,0,0,0,0,Caribbean,Caribbean
Saint Kitts and Nevis,Latin America and the Caribbean,Dominican Republic,Latin America and the Caribbean,76,85,93,112,131,137,142,56,62,67,73,78,83,87,20,23,26,39,53,54,55,Caribbean,Caribbean
Saint Kitts and Nevis,Latin America and the Caribbean,Costa Rica,Latin America and the Caribbean,1,1,1,2,2,1,1,0,0,0,0,0,0,0,1,1,1,2,2,1,1,Central America,Caribbean
Saint Kitts and Nevis,Latin America and the Caribbean,Brazil,Latin America and the Caribbean,0,0,0,0,31,36,38,0,0,0,0,26,31,33,0,0,0,0,5,5,5,South America,Caribbean
Saint Kitts and Nevis,Latin America and the Caribbean,Bolivia,Latin America and the Caribbean,1,1,0,0,0,0,0,1,1,0,0,0,0,0,0,0,0,0,0,0,0,South America,Caribbean
Saint Kitts and Nevis,Latin America and the Caribbean,Bahamas,Latin America and the Caribbean,13,12,12,22,31,34,35,6,5,6,9,12,13,14,7,7,6,13,19,21,21,Caribbean,Caribbean
Saint Kitts and Nevis,Latin America and the Caribbean,Cura√ßao,Latin America and the Caribbean,0,0,0,0,168,181,210,0,0,0,0,38,42,52,0,0,0,0,130,139,158,Caribbean,Caribbean
Saint Kitts and Nevis,Latin America and the Caribbean,United States Virgin Islands,Latin America and the Caribbean,5828,6435,7054,7074,7096,7100,7103,2643,2919,3198,3227,3256,3257,3260,3185,3516,3856,3847,3840,3843,3843,Caribbean,Caribbean
Saint Kitts and Nevis,Latin America and the Caribbean,Antigua and Barbuda,Latin America and the Caribbean,469,430,391,420,448,476,497,225,204,183,196,209,222,232,244,226,208,224,239,254,265,Caribbean,Caribbean
Saint Kitts and Nevis,Latin America and the Caribbean,Barbados,Latin America and the Caribbean,0,0,0,78,104,109,109,0,0,0,35,46,49,50,0,0,0,43,58,60,59,Caribbean,Caribbean
Saint Kitts and Nevis,Latin America and the Caribbean,Sint Maarten (Dutch part),Latin America and the Caribbean,0,0,0,500,1001,1042,1099,0,0,0,180,361,374,395,0,0,0,320,640,668,704,Caribbean,Caribbean
Saint Kitts and Nevis,Latin America and the Caribbean,British Virgin Islands,Latin America and the Caribbean,1555,1828,2100,2405,1214,1388,1574,810,930,1050,1202,607,689,782,745,898,1050,1203,607,699,792,Caribbean,Caribbean
Saint Kitts and Nevis,Latin America and the Caribbean,Dominica,Latin America and the Caribbean,23,30,36,44,54,63,63,9,12,15,18,22,26,27,14,18,21,26,32,37,36,Caribbean,Caribbean
Saint Kitts and Nevis,Latin America and the Caribbean,Jamaica,Latin America and the Caribbean,75,89,103,101,98,96,97,37,43,50,49,48,47,48,38,46,53,52,50,49,49,Caribbean,Caribbean
Saint Kitts and Nevis,Latin America and the Caribbean,Grenada,Latin America and the Caribbean,9,11,14,14,15,15,15,5,6,8,8,8,8,7,4,5,6,6,7,7,8,Caribbean,Caribbean
Saint Kitts and Nevis,Latin America and the Caribbean,Saint Lucia,Latin America and the Caribbean,19,25,34,37,38,36,33,8,11,15,16,16,16,16,11,14,19,21,22,20,17,Caribbean,Caribbean
Saint Kitts and Nevis,Latin America and the Caribbean,Saint Vincent and the Grenadines,Latin America and the Caribbean,35,36,37,37,39,39,37,10,10,10,11,13,10,10,25,26,27,26,26,29,27,Caribbean,Caribbean
Saint Kitts and Nevis,Latin America and the Caribbean,Anguilla,Latin America and the Caribbean,426,549,672,774,843,903,942,281,358,435,502,548,588,614,145,191,237,272,295,315,328,Caribbean,Caribbean
Saint Kitts and Nevis,Latin America and the Caribbean,Montserrat,Latin America and the Caribbean,176,141,107,110,113,118,119,75,60,46,47,48,51,52,101,81,61,63,65,67,67,Caribbean,Caribbean
Saint Kitts and Nevis,Latin America and the Caribbean,"Bonaire, Sint Eustatius and Saba",Latin America and the Caribbean,0,0,0,0,0,0,0,0,0,0,0,0,0,0,0,0,0,0,0,0,0,Caribbean,Caribbean
United States Virgin Islands,Latin America and the Caribbean,Dominican Republic,Latin America and the Caribbean,472,524,576,328,79,82,84,297,325,353,199,43,46,46,175,199,223,129,36,36,38,Caribbean,Caribbean
United States Virgin Islands,Latin America and the Caribbean,Costa Rica,Latin America and the Caribbean,6,4,5,4,8,7,8,3,2,2,1,3,3,4,3,2,3,3,5,4,4,Central America,Caribbean
United States Virgin Islands,Latin America and the Caribbean,Puerto Rico,Latin America and the Caribbean,936,939,945,740,443,433,256,443,446,449,352,208,202,119,493,493,496,388,235,231,137,Caribbean,Caribbean
United States Virgin Islands,Latin America and the Caribbean,Cura√ßao,Latin America and the Caribbean,0,0,0,0,27,28,32,0,0,0,0,7,8,10,0,0,0,0,20,20,22,Caribbean,Caribbean
United States Virgin Islands,Latin America and the Caribbean,Antigua and Barbuda,Latin America and the Caribbean,295,440,584,627,669,711,743,142,213,283,304,324,344,361,153,227,301,323,345,367,382,Caribbean,Caribbean
United States Virgin Islands,Latin America and the Caribbean,Sint Maarten (Dutch part),Latin America and the Caribbean,0,0,0,33,67,70,73,0,0,0,17,34,36,38,0,0,0,16,33,34,35,Caribbean,Caribbean
United States Virgin Islands,Latin America and the Caribbean,Grenada,Latin America and the Caribbean,7,321,635,665,696,704,658,4,317,630,660,691,699,653,3,4,5,5,5,5,5,Caribbean,Caribbean
United States Virgin Islands,Latin America and the Caribbean,Saint Lucia,Latin America and the Caribbean,9,11,16,59,99,94,89,3,4,6,21,35,34,33,6,7,10,38,64,60,56,Caribbean,Caribbean
United States Virgin Islands,Latin America and the Caribbean,Anguilla,Latin America and the Caribbean,192,247,302,348,379,406,422,71,88,105,122,134,144,150,121,159,197,226,245,262,272,Caribbean,Caribbean
United States Virgin Islands,Latin America and the Caribbean,Saint Kitts and Nevis,Latin America and the Caribbean,265,350,483,550,596,613,634,121,162,227,260,283,292,302,144,188,256,290,313,321,332,Caribbean,Caribbean
United States Virgin Islands,Latin America and the Caribbean,"Bonaire, Sint Eustatius and Saba",Latin America and the Caribbean,0,0,0,0,0,0,0,0,0,0,0,0,0,0,0,0,0,0,0,0,0,Caribbean,Caribbean
British Virgin Islands,Latin America and the Caribbean,Dominican Republic,Latin America and the Caribbean,12,14,15,43,72,74,76,9,10,11,24,37,39,39,3,4,4,19,35,35,37,Caribbean,Caribbean
British Virgin Islands,Latin America and the Caribbean,Bahamas,Latin America and the Caribbean,5,8,12,8,3,3,2,3,4,6,3,0,0,0,2,4,6,5,3,3,2,Caribbean,Caribbean
British Virgin Islands,Latin America and the Caribbean,Cura√ßao,Latin America and the Caribbean,0,0,0,0,93,99,115,0,0,0,0,15,16,21,0,0,0,0,78,83,94,Caribbean,Caribbean
British Virgin Islands,Latin America and the Caribbean,United States Virgin Islands,Latin America and the Caribbean,2665,2693,2727,2594,2463,2464,2464,1122,1134,1148,1100,1053,1053,1054,1543,1559,1579,1494,1410,1411,1410,Caribbean,Caribbean
British Virgin Islands,Latin America and the Caribbean,Antigua and Barbuda,Latin America and the Caribbean,66,73,80,86,92,98,100,32,35,39,42,45,48,50,34,38,41,44,47,50,50,Caribbean,Caribbean
British Virgin Islands,Latin America and the Caribbean,Sint Maarten (Dutch part),Latin America and the Caribbean,0,0,0,434,868,904,953,0,0,0,198,396,412,435,0,0,0,236,472,492,518,Caribbean,Caribbean
British Virgin Islands,Latin America and the Caribbean,Dominica,Latin America and the Caribbean,31,41,49,60,73,85,85,15,20,24,30,36,42,43,16,21,25,30,37,43,42,Caribbean,Caribbean
British Virgin Islands,Latin America and the Caribbean,Grenada,Latin America and the Caribbean,8,10,13,13,14,14,14,4,5,7,7,7,7,6,4,5,6,6,7,7,8,Caribbean,Caribbean
British Virgin Islands,Latin America and the Caribbean,Saint Lucia,Latin America and the Caribbean,2,2,4,6,9,8,6,1,2,3,5,7,7,6,1,0,1,1,2,1,0,Caribbean,Caribbean
British Virgin Islands,Latin America and the Caribbean,Saint Kitts and Nevis,Latin America and the Caribbean,106,140,193,219,237,243,250,49,66,95,109,119,123,127,57,74,98,110,118,120,123,Caribbean,Caribbean
British Virgin Islands,Latin America and the Caribbean,"Bonaire, Sint Eustatius and Saba",Latin America and the Caribbean,0,0,0,0,0,0,0,0,0,0,0,0,0,0,0,0,0,0,0,0,0,Caribbean,Caribbean
Guadeloupe,Latin America and the Caribbean,Dominican Republic,Latin America and the Caribbean,97,108,118,86,54,55,57,68,75,81,56,31,32,34,29,33,37,30,23,23,23,Caribbean,Caribbean
Guadeloupe,Latin America and the Caribbean,French Guiana,Latin America and the Caribbean,2089,2180,2271,2140,2009,2021,2271,1179,1188,1198,1121,1044,1039,1168,910,992,1073,1019,965,982,1103,South America,Caribbean
Guadeloupe,Latin America and the Caribbean,Cura√ßao,Latin America and the Caribbean,0,0,0,0,88,94,109,0,0,0,0,38,41,49,0,0,0,0,50,53,60,Caribbean,Caribbean
Guadeloupe,Latin America and the Caribbean,Antigua and Barbuda,Latin America and the Caribbean,46,54,62,67,71,76,78,22,26,30,32,34,37,39,24,28,32,35,37,39,39,Caribbean,Caribbean
Guadeloupe,Latin America and the Caribbean,Martinique,Latin America and the Caribbean,3327,4074,4821,5045,5270,6119,6070,1192,1449,1705,1703,1702,1854,1840,2135,2625,3116,3342,3568,4265,4230,Caribbean,Caribbean
Guadeloupe,Latin America and the Caribbean,Sint Maarten (Dutch part),Latin America and the Caribbean,0,0,0,984,1968,2051,2166,0,0,0,460,919,956,1010,0,0,0,524,1049,1095,1156,Caribbean,Caribbean
Guadeloupe,Latin America and the Caribbean,Dominica,Latin America and the Caribbean,14,19,23,27,33,38,37,5,7,9,10,11,12,12,9,12,14,17,22,26,25,Caribbean,Caribbean
Guadeloupe,Latin America and the Caribbean,Saint Lucia,Latin America and the Caribbean,19,25,34,32,29,27,25,5,6,8,7,6,6,6,14,19,26,25,23,21,19,Caribbean,Caribbean
Guadeloupe,Latin America and the Caribbean,"Bonaire, Sint Eustatius and Saba",Latin America and the Caribbean,0,0,0,0,0,0,0,0,0,0,0,0,0,0,0,0,0,0,0,0,0,Caribbean,Caribbean
Bahamas,Latin America and the Caribbean,Dominican Republic,Latin America and the Caribbean,91,101,111,74,38,39,40,39,42,45,36,28,30,31,52,59,66,38,10,9,9,Caribbean,Caribbean
Bahamas,Latin America and the Caribbean,Ecuador,Latin America and the Caribbean,16,18,20,25,38,48,50,9,10,11,14,21,28,32,7,8,9,11,17,20,18,South America,Caribbean
Bahamas,Latin America and the Caribbean,Costa Rica,Latin America and the Caribbean,10,8,9,7,13,12,14,7,6,7,5,9,9,11,3,2,2,2,4,3,3,Central America,Caribbean
Bahamas,Latin America and the Caribbean,Brazil,Latin America and the Caribbean,0,0,0,7,16,18,19,0,0,0,2,5,6,7,0,0,0,5,11,12,12,South America,Caribbean
Bahamas,Latin America and the Caribbean,Bolivia,Latin America and the Caribbean,9,5,0,0,0,0,0,7,4,0,0,0,0,0,2,1,0,0,0,0,0,South America,Caribbean
Bahamas,Latin America and the Caribbean,Guyana,Latin America and the Caribbean,4,6,8,11,8,8,8,2,3,4,5,4,4,4,2,3,4,6,4,4,4,South America,Caribbean
Bahamas,Latin America and the Caribbean,Cura√ßao,Latin America and the Caribbean,0,0,0,0,76,81,94,0,0,0,0,37,40,49,0,0,0,0,39,41,45,Caribbean,Caribbean
Bahamas,Latin America and the Caribbean,Turks and Caicos Islands,Latin America and the Caribbean,840,649,459,346,251,273,307,435,342,249,183,130,142,160,405,307,210,163,121,131,147,Caribbean,Caribbean
Bahamas,Latin America and the Caribbean,Nicaragua,Latin America and the Caribbean,23,19,45,73,78,84,86,12,10,23,36,39,43,45,11,9,22,37,39,41,41,Central America,Caribbean
Bahamas,Latin America and the Caribbean,Cayman Islands,Latin America and the Caribbean,58,110,190,172,171,185,205,31,57,99,90,90,97,108,27,53,91,82,81,88,97,Caribbean,Caribbean
Bahamas,Latin America and the Caribbean,Antigua and Barbuda,Latin America and the Caribbean,5,4,2,2,2,2,1,2,2,1,1,1,1,1,3,2,1,1,1,1,0,Caribbean,Caribbean
Bahamas,Latin America and the Caribbean,Barbados,Latin America and the Caribbean,55,59,64,55,47,49,48,25,27,29,25,20,21,21,30,32,35,30,27,28,27,Caribbean,Caribbean
Bahamas,Latin America and the Caribbean,British Virgin Islands,Latin America and the Caribbean,14,16,18,21,23,26,29,5,5,5,6,6,7,8,9,11,13,15,17,19,21,Caribbean,Caribbean
Bahamas,Latin America and the Caribbean,Dominica,Latin America and the Caribbean,5,6,7,8,10,12,11,2,2,2,3,4,5,5,3,4,5,5,6,7,6,Caribbean,Caribbean
Bahamas,Latin America and the Caribbean,Jamaica,Latin America and the Caribbean,518,616,713,695,677,662,674,255,302,348,341,335,327,333,263,314,365,354,342,335,341,Caribbean,Caribbean
Bahamas,Latin America and the Caribbean,Grenada,Latin America and the Caribbean,17,22,27,28,30,30,30,8,11,13,14,15,15,14,9,11,14,14,15,15,16,Caribbean,Caribbean
Bahamas,Latin America and the Caribbean,Saint Lucia,Latin America and the Caribbean,6,7,10,11,12,11,9,4,5,7,8,9,9,9,2,2,3,3,3,2,0,Caribbean,Caribbean
Bahamas,Latin America and the Caribbean,Saint Kitts and Nevis,Latin America and the Caribbean,5,8,11,19,21,24,23,2,4,6,11,13,15,15,3,4,5,8,8,9,8,Caribbean,Caribbean
Bahamas,Latin America and the Caribbean,"Bonaire, Sint Eustatius and Saba",Latin America and the Caribbean,0,0,0,0,0,0,0,0,0,0,0,0,0,0,0,0,0,0,0,0,0,Caribbean,Caribbean
Turks and Caicos Islands,Latin America and the Caribbean,Dominican Republic,Latin America and the Caribbean,3,4,4,19,34,34,35,3,4,4,9,14,14,15,0,0,0,10,20,20,20,Caribbean,Caribbean
Turks and Caicos Islands,Latin America and the Caribbean,Bahamas,Latin America and the Caribbean,2080,1284,488,957,1426,1545,1655,892,558,224,402,580,622,667,1188,726,264,555,846,923,988,Caribbean,Caribbean
Turks and Caicos Islands,Latin America and the Caribbean,Antigua and Barbuda,Latin America and the Caribbean,4,5,5,6,6,6,5,2,2,2,3,3,3,3,2,3,3,3,3,3,2,Caribbean,Caribbean
Anguilla,Latin America and the Caribbean,Dominican Republic,Latin America and the Caribbean,139,155,170,101,33,33,34,82,90,97,58,20,21,21,57,65,73,43,13,12,13,Caribbean,Caribbean
Anguilla,Latin America and the Caribbean,Cura√ßao,Latin America and the Caribbean,0,0,0,0,40,42,47,0,0,0,0,10,11,13,0,0,0,0,30,31,34,Caribbean,Caribbean
Anguilla,Latin America and the Caribbean,United States Virgin Islands,Latin America and the Caribbean,1113,1106,1103,1037,972,972,971,571,567,565,534,503,503,503,542,539,538,503,469,469,468,Caribbean,Caribbean
Anguilla,Latin America and the Caribbean,Antigua and Barbuda,Latin America and the Caribbean,17,25,32,35,37,39,39,8,12,15,17,18,19,20,9,13,17,18,19,20,19,Caribbean,Caribbean
Anguilla,Latin America and the Caribbean,Sint Maarten (Dutch part),Latin America and the Caribbean,0,0,0,183,367,383,403,0,0,0,100,200,209,220,0,0,0,83,167,174,183,Caribbean,Caribbean
Anguilla,Latin America and the Caribbean,Dominica,Latin America and the Caribbean,7,9,11,13,16,19,18,5,6,7,9,12,14,14,2,3,4,4,4,5,4,Caribbean,Caribbean
Anguilla,Latin America and the Caribbean,Saint Lucia,Latin America and the Caribbean,16,21,29,18,6,5,3,7,10,13,9,3,3,3,9,11,16,9,3,2,0,Caribbean,Caribbean
Anguilla,Latin America and the Caribbean,"Bonaire, Sint Eustatius and Saba",Latin America and the Caribbean,0,0,0,0,0,0,0,0,0,0,0,0,0,0,0,0,0,0,0,0,0,Caribbean,Caribbean
Falkland Islands (Malvinas),Latin America and the Caribbean,Ecuador,Latin America and the Caribbean,18,20,22,27,42,52,54,9,10,11,13,21,26,31,9,10,11,14,21,26,23,South America,South America
Cayman Islands,Latin America and the Caribbean,Costa Rica,Latin America and the Caribbean,8,6,6,5,9,8,9,6,5,5,3,7,7,8,2,1,1,2,2,1,1,Central America,Caribbean
Cayman Islands,Latin America and the Caribbean,Bahamas,Latin America and the Caribbean,9,9,9,15,21,23,23,3,4,6,9,12,13,14,6,5,3,6,9,10,9,Caribbean,Caribbean
Cayman Islands,Latin America and the Caribbean,Honduras,Latin America and the Caribbean,68,68,67,66,64,90,91,36,35,34,34,33,47,48,32,33,33,32,31,43,43,Central America,Caribbean
Cayman Islands,Latin America and the Caribbean,Saint Lucia,Latin America and the Caribbean,2,2,4,7,11,10,8,1,2,3,6,9,9,8,1,0,1,1,2,1,0,Caribbean,Caribbean
Montserrat,Latin America and the Caribbean,Costa Rica,Latin America and the Caribbean,3,2,3,3,5,4,4,1,0,1,1,1,1,1,2,2,2,2,4,3,3,Central America,Caribbean
Montserrat,Latin America and the Caribbean,United States Virgin Islands,Latin America and the Caribbean,649,728,810,794,780,780,779,270,302,336,332,328,328,328,379,426,474,462,452,452,451,Caribbean,Caribbean
Montserrat,Latin America and the Caribbean,Antigua and Barbuda,Latin America and the Caribbean,844,890,935,1003,1070,1138,1189,406,439,471,505,538,572,599,438,451,464,498,532,566,590,Caribbean,Caribbean
Montserrat,Latin America and the Caribbean,British Virgin Islands,Latin America and the Caribbean,108,127,146,167,188,215,243,48,55,62,71,80,91,103,60,72,84,96,108,124,140,Caribbean,Caribbean
Montserrat,Latin America and the Caribbean,Dominica,Latin America and the Caribbean,59,78,93,114,139,162,164,31,41,49,60,74,86,88,28,37,44,54,65,76,76,Caribbean,Caribbean
Montserrat,Latin America and the Caribbean,Grenada,Latin America and the Caribbean,6,7,9,9,10,10,10,3,4,5,5,5,5,5,3,3,4,4,5,5,5,Caribbean,Caribbean
Montserrat,Latin America and the Caribbean,Saint Lucia,Latin America and the Caribbean,14,18,25,29,32,30,27,7,9,12,14,15,15,14,7,9,13,15,17,15,13,Caribbean,Caribbean
Montserrat,Latin America and the Caribbean,Anguilla,Latin America and the Caribbean,135,174,213,245,266,285,296,95,122,149,172,187,201,209,40,52,64,73,79,84,87,Caribbean,Caribbean
Montserrat,Latin America and the Caribbean,Saint Kitts and Nevis,Latin America and the Caribbean,186,246,339,386,418,430,445,89,120,170,195,210,217,225,97,126,169,191,208,213,220,Caribbean,Caribbean
